continent,period,Bioenergy,Coal,Gas,Hydro,Nuclear,Other Fossil,Other Renewables,Solar,Wind
Africa,2019-01,0.0067,0.095,0.4592,0.2948,0.0041,0.1207,0.0014,0.0099,0.0082
Africa,2019-02,0.0068,0.0908,0.4597,0.2982,0.0038,0.1219,0.0012,0.0098,0.0079
Africa,2019-03,0.0067,0.0946,0.4597,0.2963,0.0041,0.1191,0.0014,0.0099,0.0082
Africa,2019-04,0.0068,0.0954,0.4591,0.2966,0.004,0.1188,0.0013,0.0097,0.0082
Africa,2019-05,0.0067,0.0986,0.4596,0.2947,0.0034,0.1175,0.0014,0.0096,0.0086
Africa,2019-06,0.0067,0.0968,0.4604,0.2939,0.0039,0.119,0.0013,0.0096,0.0086
Africa,2019-07,0.0066,0.0978,0.4594,0.2918,0.0039,0.1201,0.0014,0.0095,0.0095
Africa,2019-08,0.0067,0.0969,0.4569,0.2945,0.004,0.1221,0.0014,0.0095,0.0081
Africa,2019-09,0.0067,0.0949,0.4635,0.2933,0.0033,0.119,0.0014,0.0097,0.0084
Africa,2019-10,0.0067,0.0975,0.4599,0.2956,0.0023,0.118,0.0015,0.0099,0.0087
Africa,2019-11,0.0067,0.0952,0.46,0.2968,0.0023,0.1187,0.0015,0.01,0.0088
Africa,2019-12,0.0068,0.0932,0.4615,0.2971,0.0023,0.1193,0.0015,0.0099,0.0084
Africa,2020-01,0.0071,0.0992,0.4332,0.312,0.0038,0.1248,0.0016,0.0109,0.0074
Africa,2020-02,0.0072,0.0971,0.4329,0.3142,0.0041,0.1252,0.0015,0.0107,0.0073
Africa,2020-03,0.0072,0.0987,0.4302,0.3142,0.0038,0.126,0.0015,0.0111,0.0073
Africa,2020-04,0.0072,0.0912,0.4344,0.3184,0.0025,0.126,0.0014,0.0112,0.0076
Africa,2020-05,0.0071,0.0988,0.4337,0.3144,0.0024,0.1235,0.0013,0.0112,0.0075
Africa,2020-06,0.0071,0.1021,0.4335,0.312,0.0023,0.1226,0.0014,0.0109,0.008
Africa,2020-07,0.007,0.1024,0.4358,0.3091,0.0031,0.1217,0.0014,0.0106,0.0087
Africa,2020-08,0.007,0.1005,0.4387,0.309,0.0027,0.1213,0.0014,0.0109,0.0085
Africa,2020-09,0.007,0.0995,0.4384,0.3104,0.0024,0.1217,0.0013,0.0111,0.0083
Africa,2020-10,0.007,0.1011,0.4362,0.3104,0.0029,0.1217,0.0015,0.0112,0.008
Africa,2020-11,0.0071,0.0979,0.4344,0.3131,0.0042,0.1231,0.0014,0.0113,0.0076
Africa,2020-12,0.0071,0.0963,0.4361,0.3123,0.0042,0.1235,0.0013,0.0113,0.0078
Africa,2021-01,0.0071,0.0977,0.436,0.3124,0.0026,0.1233,0.0015,0.0112,0.0081
Africa,2021-02,0.0072,0.0945,0.4348,0.3159,0.0023,0.1249,0.0014,0.0113,0.0077
Africa,2021-03,0.0071,0.0993,0.434,0.3118,0.0025,0.1235,0.0015,0.0115,0.0087
Africa,2021-04,0.0071,0.0997,0.4341,0.3127,0.0024,0.1233,0.0014,0.0114,0.008
Africa,2021-05,0.0071,0.1019,0.4347,0.3103,0.0024,0.1223,0.0013,0.0113,0.0088
Africa,2021-06,0.007,0.1008,0.4356,0.3095,0.003,0.1226,0.0014,0.011,0.0092
Africa,2021-07,0.007,0.1014,0.4369,0.3062,0.0042,0.1225,0.0015,0.011,0.0093
Africa,2021-08,0.007,0.0994,0.4399,0.3051,0.0042,0.1229,0.0015,0.0112,0.0089
Africa,2021-09,0.007,0.0971,0.4386,0.3095,0.004,0.1215,0.0015,0.0115,0.0093
Africa,2021-10,0.0071,0.0961,0.4343,0.3117,0.004,0.1244,0.0013,0.0116,0.0095
Africa,2021-11,0.0071,0.0954,0.4313,0.3124,0.0042,0.1284,0.0013,0.0118,0.0081
Africa,2021-12,0.0071,0.0944,0.4324,0.3129,0.0043,0.1279,0.0012,0.0116,0.0082
Africa,2022-01,0.0072,0.0965,0.4324,0.3121,0.0032,0.1277,0.0011,0.0117,0.0082
Africa,2022-02,0.0073,0.0949,0.4316,0.3151,0.0023,0.1284,0.0011,0.0114,0.0079
Africa,2022-03,0.0071,0.0986,0.4292,0.3124,0.0025,0.128,0.0014,0.0117,0.0091
Africa,2022-04,0.0072,0.096,0.4289,0.3131,0.0024,0.1295,0.0015,0.0121,0.0094
Africa,2022-05,0.0071,0.0998,0.429,0.3116,0.0025,0.1275,0.0017,0.0121,0.0088
Africa,2022-06,0.007,0.0987,0.4331,0.3082,0.0024,0.1276,0.0016,0.0115,0.0098
Africa,2022-07,0.007,0.0987,0.4334,0.3072,0.0024,0.1277,0.0017,0.0118,0.0101
Africa,2022-08,0.007,0.098,0.4339,0.3062,0.0033,0.1278,0.0017,0.0121,0.0101
Africa,2022-09,0.0071,0.0925,0.4327,0.3099,0.0028,0.1317,0.0017,0.0123,0.0094
Africa,2022-10,0.0071,0.094,0.4275,0.3123,0.0043,0.1314,0.0016,0.0123,0.0094
Africa,2022-11,0.0072,0.0926,0.4314,0.3136,0.0039,0.1281,0.0016,0.0127,0.0089
Africa,2022-12,0.0072,0.0894,0.4327,0.3137,0.0029,0.1306,0.0018,0.013,0.0088
Africa,2023-01,0.0072,0.0905,0.434,0.3129,0.0025,0.1285,0.0017,0.0136,0.0091
Africa,2023-02,0.0072,0.088,0.433,0.3159,0.0023,0.1299,0.0016,0.0132,0.009
Africa,2023-03,0.0071,0.093,0.4328,0.3122,0.0025,0.128,0.0017,0.0136,0.0091
Africa,2023-04,0.0072,0.0909,0.4344,0.3144,0.0023,0.1269,0.0016,0.0133,0.0091
Africa,2023-05,0.0071,0.0935,0.434,0.3117,0.0025,0.1274,0.0017,0.013,0.0092
Africa,2023-06,0.007,0.0953,0.4357,0.3097,0.0023,0.1255,0.0017,0.0127,0.0102
Africa,2023-07,0.007,0.0947,0.4397,0.3061,0.0024,0.125,0.0016,0.0128,0.0108
Africa,2023-08,0.0069,0.0936,0.4398,0.3063,0.0024,0.1247,0.0017,0.0135,0.011
Africa,2023-09,0.007,0.0901,0.4406,0.3082,0.0024,0.1259,0.0017,0.0139,0.0103
Africa,2023-10,0.0071,0.0932,0.4363,0.3091,0.0024,0.1257,0.0017,0.0143,0.0102
Africa,2023-11,0.0071,0.0894,0.4357,0.3121,0.0026,0.1274,0.0016,0.0145,0.0095
Africa,2023-12,0.0071,0.0907,0.4354,0.3123,0.0029,0.1261,0.0016,0.0143,0.0094
Africa,2024-01,0.0072,0.0897,0.4356,0.3127,0.0025,0.1265,0.0017,0.0147,0.0094
Africa,2024-02,0.0072,0.088,0.4344,0.3141,0.0024,0.1274,0.0015,0.0149,0.01
Africa,2024-03,0.0071,0.0924,0.4343,0.3116,0.0025,0.1263,0.0015,0.0146,0.0097
Africa,2024-04,0.0072,0.0926,0.4337,0.3124,0.0025,0.1259,0.0015,0.0138,0.0104
Africa,2024-05,0.0071,0.0954,0.4352,0.3093,0.0025,0.1247,0.0015,0.0137,0.0105
Africa,2024-06,0.007,0.0968,0.4371,0.3067,0.0023,0.1247,0.0014,0.0131,0.011
Africa,2024-07,0.0069,0.0976,0.4411,0.3033,0.0024,0.1232,0.0015,0.0134,0.0105
Africa,2024-08,0.0069,0.0954,0.4422,0.3032,0.0024,0.1235,0.0016,0.0138,0.011
Africa,2024-09,0.007,0.0927,0.4401,0.3068,0.0015,0.1252,0.0016,0.0143,0.0108
Africa,2024-10,0.0071,0.0932,0.4342,0.3097,0.0025,0.1249,0.0016,0.0155,0.0113
Africa,2024-11,0.0072,0.0925,0.4328,0.3122,0.0024,0.1257,0.0017,0.0156,0.0099
Africa,2024-12,0.0072,0.0902,0.4336,0.3123,0.0024,0.1264,0.0016,0.0159,0.0104
Africa,2025-01,0.0072,0.0891,0.4335,0.3119,0.004,0.1265,0.0016,0.0158,0.0105
Africa,2025-02,0.0072,0.0878,0.4355,0.3132,0.0029,0.1271,0.0015,0.0145,0.0104
Africa,2025-03,0.0072,0.0878,0.4355,0.3132,0.0029,0.1271,0.0015,0.0145,0.0104
Africa,2025-04,0.0072,0.0878,0.4355,0.3132,0.0029,0.1271,0.0015,0.0145,0.0104
Asia,2019-01,0.0136,0.3646,0.3666,0.072,0.0228,0.1198,0.0075,0.0148,0.0184
Asia,2019-02,0.0127,0.3643,0.3653,0.0747,0.0221,0.12,0.0076,0.0153,0.0181
Asia,2019-03,0.0124,0.3576,0.3612,0.079,0.0256,0.1167,0.0074,0.019,0.0211
Asia,2019-04,0.0118,0.3479,0.3647,0.0839,0.0249,0.1178,0.0075,0.0201,0.0213
Asia,2019-05,0.0114,0.3424,0.3617,0.0934,0.0242,0.1157,0.0074,0.0208,0.0229
Asia,2019-06,0.0113,0.3467,0.36,0.0976,0.0239,0.1151,0.0072,0.0196,0.0186
Asia,2019-07,0.0114,0.3554,0.3496,0.1063,0.0239,0.1115,0.007,0.0182,0.0168
Asia,2019-08,0.0115,0.3573,0.3498,0.1046,0.0244,0.1105,0.007,0.0188,0.0162
Asia,2019-09,0.0115,0.3469,0.3613,0.1007,0.0232,0.1152,0.0072,0.0187,0.0153
Asia,2019-10,0.0115,0.3459,0.3647,0.0951,0.0235,0.1162,0.0071,0.0183,0.0176
Asia,2019-11,0.012,0.3603,0.3595,0.0812,0.0248,0.1174,0.0071,0.0167,0.021
Asia,2019-12,0.013,0.3815,0.3504,0.0715,0.0248,0.1147,0.0068,0.0157,0.0216
Asia,2020-01,0.0134,0.3579,0.3705,0.0695,0.0221,0.1229,0.0073,0.0173,0.0189
Asia,2020-02,0.0134,0.3569,0.3699,0.0712,0.0224,0.1215,0.0073,0.0183,0.019
Asia,2020-03,0.0131,0.3449,0.3656,0.0771,0.0263,0.1175,0.0072,0.0223,0.0259
Asia,2020-04,0.0129,0.343,0.3661,0.0791,0.0261,0.118,0.0073,0.0244,0.0231
Asia,2020-05,0.0126,0.3475,0.3585,0.0846,0.026,0.1149,0.0071,0.0239,0.0248
Asia,2020-06,0.012,0.3446,0.3544,0.1007,0.025,0.1135,0.0069,0.0218,0.021
Asia,2020-07,0.0122,0.3492,0.3474,0.1116,0.0244,0.1105,0.0067,0.0202,0.0179
Asia,2020-08,0.0125,0.3594,0.3433,0.1076,0.0231,0.1084,0.0066,0.0205,0.0186
Asia,2020-09,0.0122,0.3432,0.3537,0.1104,0.0223,0.1135,0.0069,0.021,0.0168
Asia,2020-10,0.0121,0.3386,0.3565,0.1065,0.0229,0.1141,0.007,0.0207,0.0215
Asia,2020-11,0.0133,0.3638,0.3531,0.0827,0.0242,0.1144,0.007,0.0189,0.0228
Asia,2020-12,0.0143,0.3877,0.3407,0.0726,0.0247,0.1119,0.0067,0.0177,0.0237
Asia,2021-01,0.0145,0.3695,0.3534,0.0676,0.023,0.1165,0.007,0.0204,0.028
Asia,2021-02,0.0144,0.3681,0.3541,0.0692,0.0226,0.1151,0.0068,0.0214,0.0281
Asia,2021-03,0.0143,0.3726,0.3475,0.0691,0.0252,0.1111,0.0069,0.0246,0.0287
Asia,2021-04,0.0137,0.3596,0.3526,0.0755,0.0246,0.112,0.007,0.0252,0.0297
Asia,2021-05,0.0134,0.3481,0.3491,0.0857,0.0258,0.111,0.0069,0.0271,0.033
Asia,2021-06,0.0133,0.3532,0.3454,0.0941,0.0254,0.1099,0.0067,0.0259,0.0261
Asia,2021-07,0.0137,0.361,0.3349,0.1031,0.0259,0.1058,0.0064,0.0244,0.0248
Asia,2021-08,0.0135,0.3621,0.3366,0.1033,0.0254,0.1066,0.0065,0.025,0.021
Asia,2021-09,0.0133,0.3461,0.3444,0.1076,0.0252,0.1112,0.0068,0.0236,0.0218
Asia,2021-10,0.0133,0.3429,0.3496,0.0975,0.0264,0.1127,0.0069,0.0237,0.027
Asia,2021-11,0.0139,0.3562,0.348,0.082,0.0259,0.1138,0.0069,0.0228,0.0305
Asia,2021-12,0.0151,0.379,0.3366,0.0697,0.0282,0.1107,0.0067,0.022,0.0318
Asia,2022-01,0.0156,0.3715,0.3443,0.0688,0.0265,0.1151,0.0069,0.0237,0.0276
Asia,2022-02,0.0154,0.3708,0.346,0.07,0.025,0.1141,0.0069,0.0245,0.0273
Asia,2022-03,0.015,0.3589,0.3431,0.0754,0.0253,0.1101,0.0068,0.0287,0.0367
Asia,2022-04,0.0141,0.3407,0.3481,0.0834,0.0249,0.1136,0.007,0.0325,0.0356
Asia,2022-05,0.0136,0.3334,0.3432,0.0974,0.0255,0.1117,0.0069,0.0327,0.0356
Asia,2022-06,0.0135,0.3416,0.339,0.1063,0.0235,0.108,0.0066,0.0308,0.0305
Asia,2022-07,0.0142,0.3637,0.3275,0.1041,0.0252,0.1038,0.0063,0.0292,0.0258
Asia,2022-08,0.0148,0.376,0.3239,0.0962,0.0254,0.1034,0.0063,0.0287,0.0253
Asia,2022-09,0.0142,0.3553,0.3406,0.0912,0.0245,0.1099,0.0067,0.0306,0.027
Asia,2022-10,0.0142,0.3443,0.3445,0.0894,0.027,0.1108,0.0069,0.0301,0.0328
Asia,2022-11,0.0149,0.3602,0.3437,0.0763,0.0274,0.1113,0.0069,0.027,0.0322
Asia,2022-12,0.0158,0.3784,0.3296,0.0711,0.0278,0.1086,0.0066,0.0251,0.037
Asia,2023-01,0.0157,0.3671,0.3369,0.0683,0.0269,0.1126,0.0069,0.0289,0.0366
Asia,2023-02,0.0153,0.3661,0.3391,0.0693,0.0256,0.112,0.0069,0.0301,0.0356
Asia,2023-03,0.0156,0.3674,0.3349,0.068,0.027,0.107,0.0067,0.0354,0.0379
Asia,2023-04,0.0146,0.3523,0.3409,0.0704,0.0256,0.1096,0.0069,0.036,0.0438
Asia,2023-05,0.0143,0.3534,0.3376,0.077,0.0265,0.1072,0.0067,0.0371,0.0402
Asia,2023-06,0.0144,0.3635,0.3336,0.0827,0.0259,0.1048,0.0065,0.0369,0.0316
Asia,2023-07,0.0148,0.3737,0.3212,0.0905,0.026,0.0999,0.0062,0.035,0.0326
Asia,2023-08,0.0146,0.3687,0.32,0.1023,0.0265,0.0995,0.0062,0.0367,0.0255
Asia,2023-09,0.0143,0.3538,0.3313,0.1005,0.0259,0.105,0.0065,0.0355,0.0273
Asia,2023-10,0.0142,0.3522,0.3347,0.0922,0.0272,0.1068,0.0067,0.0368,0.0293
Asia,2023-11,0.015,0.3634,0.3327,0.0733,0.0273,0.1064,0.0067,0.0337,0.0414
Asia,2023-12,0.0162,0.3877,0.3198,0.0684,0.0267,0.1042,0.0065,0.0303,0.0402
Asia,2024-01,0.016,0.3776,0.329,0.0652,0.0257,0.1075,0.0067,0.0342,0.0381
Asia,2024-02,0.0154,0.3762,0.3286,0.0651,0.0257,0.1075,0.0067,0.0365,0.0384
Asia,2024-03,0.0153,0.3644,0.3276,0.0663,0.0261,0.1047,0.0066,0.0442,0.0449
Asia,2024-04,0.0142,0.3516,0.3339,0.0748,0.0272,0.1061,0.0068,0.045,0.0404
Asia,2024-05,0.0136,0.3424,0.3291,0.0883,0.0274,0.1044,0.0066,0.0487,0.0394
Asia,2024-06,0.0136,0.3441,0.3254,0.1009,0.0258,0.1022,0.0065,0.0468,0.0346
Asia,2024-07,0.0142,0.3577,0.3123,0.108,0.0265,0.0975,0.0061,0.0438,0.0339
Asia,2024-08,0.0145,0.3668,0.312,0.106,0.0261,0.0966,0.0061,0.0464,0.0255
Asia,2024-09,0.0143,0.3585,0.3214,0.0935,0.0256,0.1019,0.0064,0.0435,0.0349
Asia,2024-10,0.0143,0.3484,0.3281,0.0866,0.0274,0.1052,0.0066,0.0444,0.039
Asia,2024-11,0.0151,0.3605,0.3277,0.0746,0.0272,0.1056,0.0066,0.0419,0.0407
Asia,2024-12,0.016,0.3755,0.3148,0.0708,0.029,0.1025,0.0064,0.0412,0.044
Asia,2025-01,0.0155,0.3601,0.325,0.0661,0.0285,0.1064,0.0066,0.0477,0.0441
Asia,2025-02,0.0154,0.3594,0.3251,0.0667,0.0276,0.1068,0.0066,0.0485,0.0438
Asia,2025-03,0.0147,0.3544,0.3249,0.0639,0.0291,0.1035,0.0064,0.0537,0.0494
Asia,2025-04,0.0147,0.3544,0.3248,0.0638,0.0291,0.1036,0.0064,0.0537,0.0494
Europe,2019-01,0.0242,0.1948,0.2744,0.1681,0.205,0.0215,0.0148,0.0083,0.089
Europe,2019-02,0.024,0.1901,0.2599,0.177,0.2073,0.021,0.0165,0.0179,0.0863
Europe,2019-03,0.0253,0.1727,0.2486,0.1788,0.2042,0.0205,0.0163,0.0254,0.1081
Europe,2019-04,0.0248,0.1733,0.2468,0.1997,0.2032,0.0205,0.0178,0.0345,0.0794
Europe,2019-05,0.0257,0.1665,0.2375,0.2223,0.1949,0.0205,0.018,0.0396,0.075
Europe,2019-06,0.0247,0.1655,0.247,0.223,0.188,0.0192,0.0183,0.0477,0.0666
Europe,2019-07,0.0244,0.1734,0.2683,0.1978,0.1945,0.0187,0.0176,0.0441,0.0613
Europe,2019-08,0.0252,0.1732,0.262,0.1966,0.1962,0.0199,0.0179,0.0426,0.0664
Europe,2019-09,0.024,0.1714,0.2637,0.1857,0.1992,0.0207,0.0181,0.0332,0.0839
Europe,2019-10,0.0245,0.18,0.2744,0.1781,0.199,0.0207,0.0171,0.0213,0.0849
Europe,2019-11,0.026,0.1822,0.2658,0.1925,0.1957,0.0203,0.0164,0.0108,0.0904
Europe,2019-12,0.0263,0.1738,0.2564,0.1916,0.1989,0.0202,0.016,0.0091,0.1077
Europe,2020-01,0.0251,0.1711,0.2649,0.1795,0.2033,0.0202,0.0158,0.0111,0.1088
Europe,2020-02,0.0241,0.1601,0.2426,0.1928,0.1906,0.0202,0.0167,0.0177,0.1352
Europe,2020-03,0.0268,0.1559,0.2288,0.2124,0.1931,0.0203,0.0172,0.0307,0.1148
Europe,2020-04,0.0293,0.1449,0.2134,0.2302,0.2003,0.0206,0.02,0.0507,0.0905
Europe,2020-05,0.0302,0.1416,0.2032,0.2487,0.1927,0.0202,0.0202,0.0566,0.0869
Europe,2020-06,0.0277,0.155,0.2319,0.237,0.1806,0.0196,0.0199,0.0538,0.0744
Europe,2020-07,0.0258,0.1541,0.2619,0.2089,0.1794,0.0195,0.0185,0.0539,0.078
Europe,2020-08,0.0255,0.161,0.2622,0.205,0.1841,0.0208,0.0186,0.0492,0.0736
Europe,2020-09,0.0251,0.1699,0.2572,0.1951,0.1889,0.0214,0.0186,0.0405,0.0831
Europe,2020-10,0.0256,0.1678,0.2361,0.1968,0.2014,0.0202,0.0176,0.0234,0.1112
Europe,2020-11,0.0261,0.1809,0.2613,0.1846,0.1967,0.0206,0.0172,0.0155,0.0971
Europe,2020-12,0.0269,0.175,0.2658,0.1813,0.2011,0.0198,0.0161,0.009,0.1051
Europe,2021-01,0.0267,0.1747,0.2641,0.1896,0.2013,0.0202,0.0156,0.0101,0.0977
Europe,2021-02,0.0267,0.168,0.2492,0.2002,0.1918,0.0204,0.0168,0.0194,0.1075
Europe,2021-03,0.0275,0.1606,0.2533,0.1896,0.1988,0.0195,0.0165,0.0333,0.1008
Europe,2021-04,0.0277,0.1556,0.2467,0.2029,0.197,0.0197,0.0181,0.0453,0.0871
Europe,2021-05,0.0291,0.1416,0.2124,0.2333,0.193,0.0205,0.0188,0.0556,0.0958
Europe,2021-06,0.0266,0.1562,0.2368,0.2262,0.1925,0.0203,0.0189,0.0627,0.0598
Europe,2021-07,0.026,0.1661,0.2447,0.2073,0.189,0.0206,0.0181,0.0578,0.0703
Europe,2021-08,0.0265,0.1701,0.2388,0.2023,0.1892,0.0216,0.0183,0.0522,0.0811
Europe,2021-09,0.0264,0.1811,0.2549,0.1813,0.2001,0.0214,0.0185,0.0444,0.0718
Europe,2021-10,0.0274,0.1732,0.2447,0.168,0.2017,0.0211,0.0176,0.0308,0.1155
Europe,2021-11,0.0272,0.1808,0.2734,0.1671,0.1979,0.0213,0.0166,0.0154,0.1003
Europe,2021-12,0.028,0.1789,0.2667,0.1717,0.1963,0.0214,0.0156,0.0107,0.1106
Europe,2022-01,0.0267,0.166,0.269,0.169,0.1991,0.0208,0.0157,0.0154,0.1184
Europe,2022-02,0.0265,0.1588,0.2451,0.1687,0.1908,0.0198,0.0173,0.0256,0.1474
Europe,2022-03,0.0279,0.1724,0.2586,0.177,0.1873,0.0216,0.017,0.0413,0.0969
Europe,2022-04,0.0278,0.1528,0.2293,0.2036,0.1829,0.0198,0.0186,0.056,0.1092
Europe,2022-05,0.0275,0.1446,0.2254,0.2239,0.1749,0.0204,0.0192,0.0734,0.0907
Europe,2022-06,0.0271,0.1552,0.236,0.2175,0.1707,0.0205,0.0191,0.0767,0.0771
Europe,2022-07,0.0272,0.1623,0.2502,0.1888,0.1709,0.0205,0.0185,0.0765,0.0852
Europe,2022-08,0.0274,0.1727,0.2675,0.1813,0.171,0.0203,0.0186,0.0704,0.0707
Europe,2022-09,0.028,0.1776,0.257,0.1753,0.1777,0.0212,0.0192,0.0524,0.0916
Europe,2022-10,0.0256,0.1692,0.2553,0.1722,0.1768,0.0212,0.0188,0.0393,0.1215
Europe,2022-11,0.0277,0.1791,0.2567,0.1697,0.1787,0.0212,0.0179,0.021,0.1281
Europe,2022-12,0.0279,0.1811,0.2732,0.174,0.1807,0.0212,0.0166,0.0124,0.113
Europe,2023-01,0.0258,0.1678,0.2491,0.1775,0.1827,0.0202,0.0164,0.0177,0.1428
Europe,2023-02,0.0263,0.169,0.269,0.1691,0.1797,0.0209,0.0176,0.031,0.1174
Europe,2023-03,0.0265,0.1554,0.2465,0.1828,0.1759,0.0208,0.0173,0.0441,0.1308
Europe,2023-04,0.0275,0.1424,0.2262,0.2058,0.1849,0.0196,0.0191,0.0671,0.1074
Europe,2023-05,0.025,0.1319,0.2181,0.2269,0.1712,0.0196,0.0197,0.0855,0.1021
Europe,2023-06,0.023,0.1346,0.221,0.2277,0.1809,0.0181,0.02,0.0978,0.077
Europe,2023-07,0.0236,0.1352,0.2314,0.1999,0.1793,0.0185,0.0187,0.0911,0.1025
Europe,2023-08,0.0239,0.1437,0.2435,0.2002,0.1763,0.0198,0.0186,0.0823,0.0916
Europe,2023-09,0.0248,0.151,0.2375,0.1909,0.1837,0.0199,0.0194,0.0757,0.0971
Europe,2023-10,0.0256,0.1535,0.2338,0.1863,0.1791,0.0199,0.0185,0.0464,0.1368
Europe,2023-11,0.0265,0.1569,0.232,0.2024,0.1719,0.02,0.0175,0.0264,0.1465
Europe,2023-12,0.0258,0.1493,0.24,0.201,0.1801,0.0195,0.0165,0.0188,0.1491
Europe,2024-01,0.0254,0.144,0.2488,0.1975,0.1801,0.0194,0.0158,0.0225,0.1465
Europe,2024-02,0.0264,0.1466,0.2358,0.1975,0.1734,0.019,0.0173,0.0339,0.15
Europe,2024-03,0.0272,0.1447,0.2325,0.2101,0.1717,0.0184,0.0174,0.0553,0.1228
Europe,2024-04,0.0273,0.1226,0.1933,0.2294,0.1755,0.0177,0.0189,0.0821,0.1331
Europe,2024-05,0.028,0.1251,0.1955,0.2451,0.171,0.0188,0.0194,0.1059,0.0913
Europe,2024-06,0.0254,0.1288,0.199,0.2346,0.17,0.0201,0.0192,0.1113,0.0916
Europe,2024-07,0.0245,0.1355,0.2209,0.2076,0.1748,0.0197,0.018,0.1126,0.0864
Europe,2024-08,0.0249,0.1385,0.2209,0.1926,0.1813,0.0202,0.0184,0.1096,0.0936
Europe,2024-09,0.026,0.1405,0.2194,0.1955,0.1803,0.0202,0.0193,0.0834,0.1155
Europe,2024-10,0.0266,0.1536,0.2261,0.2004,0.1778,0.02,0.0184,0.055,0.1221
Europe,2024-11,0.0265,0.1599,0.2646,0.1784,0.1765,0.0217,0.0175,0.0317,0.1233
Europe,2024-12,0.0252,0.1538,0.2572,0.1706,0.1871,0.0211,0.0167,0.0231,0.1453
Europe,2025-01,0.0259,0.1534,0.2633,0.1769,0.1829,0.0211,0.0162,0.0273,0.1329
Europe,2025-02,0.0263,0.1625,0.2697,0.1796,0.1741,0.0218,0.0173,0.0426,0.1062
Europe,2025-03,0.0255,0.1472,0.2428,0.1792,0.1754,0.0268,0.0174,0.0711,0.1148
Europe,2025-04,0.0272,0.1373,0.2391,0.1945,0.1663,0.0224,0.0185,0.0963,0.0985
North America,2019-01,0.0221,0.2086,0.2917,0.1421,0.1486,0.1041,0.0068,0.0156,0.0604
North America,2019-02,0.0231,0.1889,0.3012,0.146,0.1418,0.1128,0.0071,0.018,0.061
North America,2019-03,0.0232,0.1803,0.3022,0.1458,0.1398,0.1106,0.0073,0.0236,0.0672
North America,2019-04,0.0233,0.1531,0.2992,0.152,0.1403,0.119,0.0075,0.0281,0.0776
North America,2019-05,0.0222,0.1661,0.3083,0.1483,0.1439,0.1125,0.0071,0.0279,0.0636
North America,2019-06,0.0214,0.1717,0.3344,0.1302,0.1442,0.108,0.0068,0.0287,0.0545
North America,2019-07,0.0201,0.1935,0.3584,0.1136,0.1352,0.0978,0.0062,0.0262,0.049
North America,2019-08,0.0204,0.1853,0.3699,0.1097,0.1371,0.0999,0.0064,0.0258,0.0454
North America,2019-09,0.0213,0.1846,0.3521,0.1073,0.1371,0.1073,0.0068,0.0252,0.0584
North America,2019-10,0.0228,0.1599,0.3419,0.1193,0.14,0.1146,0.0069,0.0248,0.0697
North America,2019-11,0.0231,0.1776,0.3141,0.1345,0.1434,0.1139,0.0065,0.0198,0.0672
North America,2019-12,0.0228,0.1635,0.3238,0.1366,0.1544,0.1081,0.0066,0.0169,0.0673
North America,2020-01,0.0225,0.1459,0.3329,0.1434,0.1557,0.1052,0.0066,0.0192,0.0686
North America,2020-02,0.0229,0.1357,0.3322,0.1487,0.145,0.11,0.007,0.0233,0.0752
North America,2020-03,0.0235,0.1268,0.3365,0.1456,0.1444,0.1118,0.0076,0.0275,0.0763
North America,2020-04,0.0243,0.1144,0.3259,0.1453,0.1456,0.12,0.0081,0.0345,0.0819
North America,2020-05,0.023,0.1201,0.324,0.1505,0.1482,0.1148,0.0076,0.0371,0.0748
North America,2020-06,0.0205,0.1442,0.3463,0.1324,0.1406,0.1051,0.0067,0.034,0.0703
North America,2020-07,0.0189,0.1702,0.3772,0.12,0.1308,0.0946,0.006,0.0321,0.0502
North America,2020-08,0.0196,0.1762,0.3738,0.114,0.1311,0.0967,0.0061,0.0302,0.0522
North America,2020-09,0.0216,0.1561,0.3595,0.1171,0.1401,0.1086,0.0068,0.0301,0.0601
North America,2020-10,0.0223,0.1444,0.3504,0.1266,0.1335,0.112,0.0071,0.0291,0.0746
North America,2020-11,0.0231,0.1512,0.3116,0.1376,0.1417,0.1142,0.0074,0.0254,0.0879
North America,2020-12,0.0219,0.1703,0.3167,0.1371,0.1438,0.104,0.0068,0.0213,0.0782
North America,2021-01,0.0218,0.1725,0.3119,0.1444,0.1458,0.1026,0.0067,0.0225,0.0717
North America,2021-02,0.0221,0.1949,0.2977,0.1391,0.1352,0.1087,0.0069,0.0261,0.0692
North America,2021-03,0.0231,0.1464,0.2967,0.1419,0.1408,0.1098,0.0072,0.0357,0.0983
North America,2021-04,0.0231,0.1369,0.3119,0.1353,0.1347,0.1157,0.0074,0.0418,0.0933
North America,2021-05,0.0221,0.1488,0.3115,0.1335,0.1404,0.11,0.0071,0.0439,0.0828
North America,2021-06,0.0202,0.1762,0.3475,0.1182,0.132,0.1,0.0063,0.0388,0.0608
North America,2021-07,0.0194,0.1905,0.3629,0.1111,0.1296,0.0944,0.006,0.0367,0.0494
North America,2021-08,0.0194,0.1886,0.3629,0.1076,0.129,0.0939,0.0059,0.0354,0.0573
North America,2021-09,0.021,0.1697,0.341,0.1131,0.1363,0.1055,0.0068,0.0373,0.0692
North America,2021-10,0.022,0.1471,0.3463,0.1224,0.1299,0.111,0.0071,0.0344,0.0799
North America,2021-11,0.0225,0.1385,0.328,0.1308,0.1393,0.1122,0.0072,0.0304,0.0912
North America,2021-12,0.0221,0.136,0.3218,0.1417,0.148,0.1061,0.007,0.0244,0.0929
North America,2022-01,0.0203,0.1733,0.3113,0.1372,0.138,0.1048,0.0066,0.0264,0.082
North America,2022-02,0.0217,0.1599,0.3029,0.1379,0.1349,0.1118,0.0069,0.0326,0.0915
North America,2022-03,0.0217,0.1402,0.2978,0.1441,0.1359,0.1106,0.0071,0.0411,0.1015
North America,2022-04,0.0219,0.1353,0.2994,0.1349,0.1255,0.1164,0.0073,0.0479,0.1114
North America,2022-05,0.0206,0.139,0.3214,0.1297,0.1299,0.1092,0.0069,0.049,0.0944
North America,2022-06,0.0195,0.1503,0.3497,0.1245,0.1282,0.1011,0.0062,0.0473,0.0733
North America,2022-07,0.0185,0.16,0.3803,0.1129,0.1239,0.0938,0.0058,0.0434,0.0612
North America,2022-08,0.0188,0.1603,0.3864,0.1127,0.1269,0.0947,0.0059,0.0414,0.0529
North America,2022-09,0.0202,0.1427,0.3713,0.1147,0.1317,0.1056,0.0065,0.0431,0.0643
North America,2022-10,0.0218,0.1316,0.3554,0.1224,0.1339,0.0994,0.0074,0.0435,0.0845
North America,2022-11,0.0219,0.1336,0.3332,0.1333,0.1393,0.0965,0.0073,0.033,0.1019
North America,2022-12,0.0209,0.1551,0.3324,0.1343,0.142,0.0932,0.0069,0.0263,0.0887
North America,2023-01,0.0215,0.1355,0.3338,0.1409,0.1499,0.0905,0.0073,0.03,0.0906
North America,2023-02,0.022,0.1201,0.3297,0.1392,0.1418,0.0964,0.0074,0.0366,0.1067
North America,2023-03,0.021,0.1198,0.3358,0.1365,0.1382,0.0923,0.0072,0.0447,0.1045
North America,2023-04,0.0215,0.1059,0.3354,0.1293,0.1353,0.1002,0.0078,0.0555,0.1092
North America,2023-05,0.0213,0.1074,0.3542,0.139,0.1366,0.0967,0.0073,0.0585,0.0789
North America,2023-06,0.0198,0.1273,0.3836,0.1131,0.1361,0.0923,0.0066,0.0563,0.0649
North America,2023-07,0.018,0.1482,0.4042,0.1027,0.1289,0.0816,0.0058,0.052,0.0585
North America,2023-08,0.0182,0.1473,0.4078,0.1016,0.1297,0.08,0.006,0.05,0.0596
North America,2023-09,0.0195,0.1317,0.3928,0.1058,0.1372,0.0894,0.0067,0.0505,0.0664
North America,2023-10,0.0201,0.1216,0.3646,0.1168,0.1369,0.0947,0.0073,0.0485,0.0896
North America,2023-11,0.0215,0.1232,0.3543,0.1259,0.1407,0.0945,0.0072,0.0384,0.0943
North America,2023-12,0.021,0.1262,0.3569,0.1259,0.1481,0.0898,0.0069,0.0332,0.092
North America,2024-01,0.0197,0.153,0.3596,0.1276,0.138,0.0843,0.0064,0.0324,0.079
North America,2024-02,0.0215,0.1084,0.3445,0.1314,0.1462,0.0937,0.007,0.0444,0.103
North America,2024-03,0.0211,0.0958,0.3429,0.1346,0.1407,0.0929,0.0069,0.0546,0.1104
North America,2024-04,0.0213,0.0969,0.3381,0.1252,0.1302,0.0965,0.0072,0.0652,0.1193
North America,2024-05,0.0203,0.1077,0.3599,0.1207,0.1356,0.0917,0.0067,0.0681,0.0895
North America,2024-06,0.0185,0.1257,0.3758,0.1092,0.1336,0.0841,0.0062,0.0664,0.0807
North America,2024-07,0.0176,0.1342,0.4137,0.1044,0.1271,0.078,0.0058,0.0616,0.0576
North America,2024-08,0.018,0.1311,0.4118,0.1038,0.1289,0.0788,0.0058,0.0618,0.06
North America,2024-09,0.0197,0.1206,0.3979,0.1066,0.1322,0.0883,0.0065,0.0605,0.0678
North America,2024-10,0.0201,0.1113,0.37,0.1116,0.1303,0.0921,0.0066,0.0606,0.0974
North America,2024-11,0.0211,0.1099,0.3559,0.1249,0.1395,0.0938,0.0068,0.0469,0.1011
North America,2024-12,0.02,0.134,0.3427,0.1293,0.1476,0.0869,0.0067,0.0403,0.0926
North America,2025-01,0.0185,0.1588,0.3371,0.1257,0.1364,0.0832,0.0061,0.042,0.0923
North America,2025-02,0.0203,0.1391,0.3328,0.1324,0.1326,0.0909,0.0067,0.0509,0.0944
North America,2025-03,0.0207,0.1153,0.3056,0.1401,0.1345,0.091,0.0069,0.0686,0.1173
North America,2025-04,0.0205,0.1108,0.3075,0.1442,0.1285,0.0921,0.0069,0.078,0.1116
Oceania,2019-01,0.0045,0.4364,0.1023,0.1448,0,0.195,0.0199,0.0538,0.0434
Oceania,2019-02,0.0049,0.4235,0.0976,0.1416,0,0.2128,0.0196,0.052,0.048
Oceania,2019-03,0.0047,0.4386,0.1017,0.1382,0,0.2034,0.0205,0.0485,0.0444
Oceania,2019-04,0.0047,0.4221,0.0851,0.1529,0,0.2164,0.0221,0.0469,0.0497
Oceania,2019-05,0.0041,0.4211,0.0909,0.1616,0,0.206,0.0216,0.0391,0.0556
Oceania,2019-06,0.0044,0.4166,0.0974,0.1741,0,0.2026,0.0212,0.0346,0.0491
Oceania,2019-07,0.0048,0.411,0.0974,0.1688,0,0.1981,0.0211,0.0395,0.0592
Oceania,2019-08,0.0054,0.3957,0.105,0.1654,0,0.1981,0.0211,0.0484,0.0609
Oceania,2019-09,0.0052,0.3827,0.1068,0.1582,0,0.2117,0.0207,0.0584,0.0563
Oceania,2019-10,0.0049,0.3894,0.1021,0.1504,0,0.2103,0.0218,0.0655,0.0556
Oceania,2019-11,0.0046,0.3954,0.0774,0.1581,0,0.2112,0.0188,0.0722,0.0622
Oceania,2019-12,0.0046,0.4136,0.0786,0.1509,0,0.2012,0.0197,0.0751,0.0564
Oceania,2020-01,0.0043,0.4268,0.0851,0.1449,0,0.1982,0.0205,0.0666,0.0535
Oceania,2020-02,0.0048,0.4126,0.0952,0.1494,0,0.2084,0.0201,0.0616,0.0479
Oceania,2020-03,0.0042,0.4027,0.0901,0.1509,0,0.2084,0.0222,0.0643,0.0572
Oceania,2020-04,0.0044,0.398,0.0809,0.1568,0,0.2209,0.0232,0.0587,0.0571
Oceania,2020-05,0.0041,0.397,0.0904,0.167,0,0.2071,0.0223,0.0494,0.0625
Oceania,2020-06,0.0044,0.4129,0.1021,0.1583,0,0.2037,0.0205,0.043,0.055
Oceania,2020-07,0.0042,0.4108,0.1096,0.1624,0,0.1966,0.0203,0.0458,0.0503
Oceania,2020-08,0.0046,0.3998,0.0938,0.1543,0,0.2004,0.0207,0.0564,0.0699
Oceania,2020-09,0.0052,0.3814,0.0771,0.1531,0,0.2139,0.0209,0.0692,0.0793
Oceania,2020-10,0.0052,0.3728,0.0816,0.1619,0,0.2118,0.0198,0.0782,0.0688
Oceania,2020-11,0.0046,0.3846,0.0701,0.1532,0,0.2111,0.0197,0.0901,0.0667
Oceania,2020-12,0.0045,0.3894,0.0704,0.1476,0,0.205,0.0209,0.089,0.0733
Oceania,2021-01,0.0044,0.3994,0.0691,0.142,0,0.2029,0.0216,0.0892,0.0715
Oceania,2021-02,0.0046,0.398,0.0659,0.1462,0,0.2164,0.0205,0.0837,0.0647
Oceania,2021-03,0.0041,0.4078,0.0683,0.1497,0,0.2067,0.022,0.0769,0.0644
Oceania,2021-04,0.0043,0.4063,0.0703,0.1537,0,0.2144,0.0222,0.0715,0.0573
Oceania,2021-05,0.0041,0.4045,0.0821,0.1566,0,0.2058,0.0209,0.0586,0.0674
Oceania,2021-06,0.004,0.3943,0.1029,0.162,0,0.2009,0.0187,0.0487,0.0683
Oceania,2021-07,0.0045,0.4013,0.0844,0.1616,0,0.1941,0.0192,0.0522,0.0828
Oceania,2021-08,0.0049,0.3835,0.0758,0.1643,0,0.2013,0.0214,0.0697,0.0793
Oceania,2021-09,0.0049,0.3578,0.0667,0.1698,0,0.2125,0.021,0.0863,0.0811
Oceania,2021-10,0.0051,0.3587,0.0626,0.1691,0,0.2109,0.0215,0.0998,0.0723
Oceania,2021-11,0.0046,0.3616,0.0613,0.1681,0,0.2134,0.0215,0.0947,0.0748
Oceania,2021-12,0.0044,0.3648,0.0614,0.1533,0,0.2047,0.02,0.1189,0.0725
Oceania,2022-01,0.0043,0.3813,0.0688,0.1469,0,0.197,0.0201,0.1079,0.0739
Oceania,2022-02,0.0043,0.3653,0.0716,0.1458,0,0.2131,0.0196,0.1063,0.0741
Oceania,2022-03,0.0041,0.3851,0.0762,0.1461,0,0.2034,0.0205,0.0947,0.0698
Oceania,2022-04,0.0043,0.3719,0.0856,0.1488,0,0.2144,0.0222,0.0807,0.0721
Oceania,2022-05,0.0041,0.3702,0.0942,0.1701,0,0.2036,0.0219,0.063,0.0729
Oceania,2022-06,0.0037,0.3495,0.1093,0.1719,0,0.198,0.0212,0.0575,0.0889
Oceania,2022-07,0.0039,0.3671,0.1028,0.1685,0,0.1917,0.0212,0.0624,0.0825
Oceania,2022-08,0.0045,0.359,0.0799,0.1704,0,0.1958,0.0214,0.0748,0.0943
Oceania,2022-09,0.0047,0.3488,0.0704,0.1765,0,0.2068,0.0211,0.0909,0.0808
Oceania,2022-10,0.0048,0.3453,0.0666,0.1697,0,0.2079,0.0221,0.1018,0.0818
Oceania,2022-11,0.0046,0.3221,0.0587,0.176,0,0.2127,0.0189,0.1268,0.0803
Oceania,2022-12,0.0047,0.3327,0.0548,0.1612,0,0.2062,0.0204,0.139,0.0809
Oceania,2023-01,0.004,0.3548,0.0625,0.152,0,0.1996,0.0204,0.1302,0.0766
Oceania,2023-02,0.0039,0.3575,0.0618,0.1435,0,0.2098,0.0193,0.1254,0.0789
Oceania,2023-03,0.004,0.3673,0.0748,0.1487,0,0.201,0.0202,0.1106,0.0734
Oceania,2023-04,0.0043,0.3516,0.073,0.1635,0,0.2143,0.0197,0.1004,0.0733
Oceania,2023-05,0.004,0.3604,0.0812,0.1731,0,0.1994,0.0189,0.0835,0.0795
Oceania,2023-06,0.0043,0.3571,0.0768,0.175,0,0.1984,0.0194,0.0683,0.1007
Oceania,2023-07,0.0039,0.3652,0.0738,0.1687,0,0.1947,0.0204,0.0758,0.0974
Oceania,2023-08,0.0051,0.3535,0.0787,0.1707,0,0.1971,0.0215,0.0954,0.0779
Oceania,2023-09,0.0052,0.3323,0.0635,0.1563,0,0.2105,0.0215,0.1243,0.0865
Oceania,2023-10,0.0056,0.325,0.0481,0.1585,0,0.2066,0.0214,0.1371,0.0977
Oceania,2023-11,0.0047,0.3349,0.0627,0.1544,0,0.205,0.02,0.1352,0.0831
Oceania,2023-12,0.0046,0.3445,0.0571,0.1419,0,0.1988,0.0206,0.1456,0.0868
Oceania,2024-01,0.0042,0.3604,0.0606,0.1392,0,0.1951,0.0198,0.1392,0.0816
Oceania,2024-02,0.0043,0.3526,0.07,0.1426,0,0.1991,0.0191,0.1348,0.0774
Oceania,2024-03,0.0043,0.3598,0.0657,0.1373,0,0.1987,0.0211,0.1273,0.0856
Oceania,2024-04,0.0048,0.3604,0.0666,0.1512,0,0.2096,0.0229,0.1093,0.0752
Oceania,2024-05,0.0045,0.3797,0.083,0.1508,0,0.1984,0.0228,0.087,0.0739
Oceania,2024-06,0.0042,0.392,0.0964,0.143,0,0.1959,0.023,0.0747,0.0708
Oceania,2024-07,0.0046,0.3745,0.0913,0.141,0,0.1881,0.0241,0.0802,0.0962
Oceania,2024-08,0.0048,0.3481,0.0839,0.1366,0,0.1971,0.0254,0.1002,0.1039
Oceania,2024-09,0.0056,0.3171,0.0565,0.1504,0,0.2072,0.0253,0.1235,0.1143
Oceania,2024-10,0.0056,0.3082,0.0559,0.1575,0,0.2063,0.0216,0.1501,0.0947
Oceania,2024-11,0.0056,0.3106,0.0616,0.1594,0,0.2046,0.0217,0.1509,0.0857
Oceania,2024-12,0.0047,0.3225,0.0586,0.1416,0,0.1943,0.0234,0.1695,0.0853
Oceania,2025-01,0.0042,0.3372,0.0594,0.1322,0,0.1936,0.0233,0.1636,0.0866
Oceania,2025-02,0.0038,0.3317,0.067,0.1302,0,0.2036,0.0228,0.1524,0.0886
Oceania,2025-03,0.0037,0.3598,0.0658,0.1255,0,0.1958,0.0242,0.1305,0.0948
Oceania,2025-04,0.0036,0.3495,0.0693,0.1363,0,0.2095,0.0259,0.1237,0.0822
South America,2019-01,0.0031,0.0187,0.1811,0.6572,0.0084,0.0972,0.0001,0.0071,0.0272
South America,2019-02,0.0032,0.0214,0.195,0.6463,0.0089,0.1021,0.0001,0.0065,0.0166
South America,2019-03,0.0046,0.0225,0.1822,0.654,0.0096,0.1002,0.0001,0.007,0.0198
South America,2019-04,0.0062,0.0203,0.1781,0.658,0.0093,0.1017,0.0001,0.0063,0.0199
South America,2019-05,0.0076,0.0223,0.1778,0.6498,0.0087,0.1009,0.0001,0.0059,0.027
South America,2019-06,0.0081,0.0194,0.1868,0.6301,0.012,0.1015,0.0001,0.0059,0.0363
South America,2019-07,0.0085,0.0254,0.2007,0.6119,0.0121,0.0992,0.0001,0.0064,0.0357
South America,2019-08,0.0088,0.0226,0.2034,0.6025,0.0129,0.1,0.0001,0.0074,0.0424
South America,2019-09,0.008,0.0248,0.1983,0.6075,0.0127,0.1008,0.0001,0.0082,0.0396
South America,2019-10,0.0077,0.0236,0.1989,0.6102,0.0116,0.099,0.0001,0.0087,0.0402
South America,2019-11,0.0068,0.0246,0.196,0.6174,0.012,0.0988,0.0001,0.0089,0.0355
South America,2019-12,0.0049,0.0283,0.1888,0.6239,0.0117,0.0977,0.0001,0.0094,0.0352
South America,2020-01,0.0039,0.0259,0.1976,0.6337,0.0102,0.0969,0.0001,0.0092,0.0226
South America,2020-02,0.0038,0.0236,0.1842,0.6469,0.0094,0.0999,0.0001,0.0088,0.0233
South America,2020-03,0.0048,0.0233,0.1806,0.6495,0.0117,0.1001,0.0001,0.0095,0.0203
South America,2020-04,0.0071,0.0202,0.1788,0.6395,0.0134,0.1044,0.0001,0.0097,0.0269
South America,2020-05,0.0084,0.0232,0.1797,0.6304,0.0141,0.1035,0.0002,0.0093,0.0314
South America,2020-06,0.0087,0.0229,0.188,0.6199,0.011,0.1037,0.0001,0.0085,0.0373
South America,2020-07,0.0089,0.0192,0.1837,0.6301,0.0066,0.101,0.0001,0.0092,0.0412
South America,2020-08,0.0087,0.0176,0.1843,0.6205,0.0096,0.1007,0.0001,0.0102,0.0484
South America,2020-09,0.0089,0.0167,0.1801,0.6254,0.012,0.0996,0.0001,0.0114,0.0457
South America,2020-10,0.0086,0.0217,0.193,0.6123,0.0109,0.1006,0.0001,0.0118,0.041
South America,2020-11,0.0076,0.0221,0.2046,0.5999,0.0106,0.1061,0.0001,0.0117,0.0374
South America,2020-12,0.0054,0.0252,0.1992,0.6067,0.0106,0.1009,0.0002,0.0121,0.0397
South America,2021-01,0.0037,0.0246,0.1964,0.6108,0.0106,0.1026,0.0001,0.012,0.0391
South America,2021-02,0.0034,0.0231,0.1846,0.637,0.0095,0.1035,0.0001,0.0108,0.028
South America,2021-03,0.0035,0.0209,0.1888,0.6358,0.0107,0.0967,0.0002,0.0126,0.0309
South America,2021-04,0.0059,0.0207,0.1921,0.6255,0.0088,0.0996,0.0002,0.0124,0.0349
South America,2021-05,0.0074,0.0227,0.2006,0.6096,0.0095,0.0985,0.0002,0.0122,0.0393
South America,2021-06,0.0081,0.0243,0.2147,0.583,0.0087,0.1059,0.0002,0.0122,0.043
South America,2021-07,0.0093,0.0256,0.2229,0.5625,0.0099,0.1056,0.0002,0.0131,0.051
South America,2021-08,0.0092,0.0238,0.225,0.5524,0.0131,0.1066,0.0002,0.0145,0.0553
South America,2021-09,0.0086,0.0224,0.2136,0.5669,0.0116,0.106,0.0002,0.017,0.0538
South America,2021-10,0.0048,0.021,0.2139,0.5723,0.0121,0.1055,0.0002,0.0185,0.0517
South America,2021-11,0.0059,0.0198,0.2064,0.5896,0.0123,0.1035,0.0002,0.0185,0.0439
South America,2021-12,0.0039,0.0206,0.2016,0.6024,0.0129,0.0973,0.0002,0.0176,0.0435
South America,2022-01,0.0033,0.0176,0.1953,0.6165,0.0125,0.0979,0.0003,0.0197,0.037
South America,2022-02,0.0032,0.0167,0.185,0.6285,0.0114,0.0994,0.0002,0.0196,0.036
South America,2022-03,0.0031,0.0165,0.1754,0.638,0.0113,0.0943,0.0002,0.0205,0.0405
South America,2022-04,0.005,0.0138,0.1691,0.644,0.0111,0.098,0.0002,0.0198,0.0391
South America,2022-05,0.0073,0.0159,0.1812,0.6259,0.0108,0.0961,0.0003,0.0191,0.0434
South America,2022-06,0.0078,0.0173,0.191,0.6181,0.0075,0.0976,0.0001,0.0179,0.0426
South America,2022-07,0.0088,0.0166,0.1895,0.6064,0.0072,0.0949,0.0002,0.0196,0.0566
South America,2022-08,0.0084,0.0142,0.183,0.6038,0.0111,0.0952,0.0002,0.0229,0.0612
South America,2022-09,0.008,0.0112,0.1829,0.6039,0.0095,0.0971,0.0002,0.0256,0.0615
South America,2022-10,0.0067,0.0099,0.1771,0.6106,0.0081,0.0955,0.0002,0.0276,0.0643
South America,2022-11,0.006,0.0094,0.1835,0.6297,0.0045,0.097,0.0002,0.0252,0.0446
South America,2022-12,0.004,0.011,0.1858,0.619,0.0095,0.0968,0.0002,0.0267,0.0468
South America,2023-01,0.0034,0.0109,0.1812,0.6239,0.0108,0.0958,0.0002,0.028,0.0458
South America,2023-02,0.003,0.0116,0.1741,0.6297,0.0094,0.0972,0.0002,0.0278,0.047
South America,2023-03,0.0034,0.013,0.1767,0.6365,0.0095,0.091,0.0002,0.0275,0.0423
South America,2023-04,0.0051,0.0126,0.1733,0.6371,0.0109,0.0957,0.0002,0.0271,0.038
South America,2023-05,0.0071,0.0144,0.1827,0.612,0.0112,0.0946,0.0002,0.0282,0.0496
South America,2023-06,0.0077,0.0143,0.1956,0.5893,0.0112,0.0953,0.0002,0.0268,0.0597
South America,2023-07,0.0083,0.0151,0.1833,0.5928,0.0112,0.0945,0.0003,0.0298,0.0648
South America,2023-08,0.0087,0.0144,0.1769,0.6005,0.0113,0.0935,0.0002,0.0328,0.0618
South America,2023-09,0.0084,0.0129,0.1735,0.6015,0.0105,0.0955,0.0002,0.0355,0.0621
South America,2023-10,0.0082,0.0132,0.1665,0.6085,0.0062,0.0939,0.0002,0.0384,0.0648
South America,2023-11,0.0071,0.0119,0.1717,0.6103,0.0066,0.0946,0.0002,0.0413,0.0562
South America,2023-12,0.0057,0.0127,0.1661,0.6137,0.0115,0.0924,0.0002,0.0426,0.0551
South America,2024-01,0.0041,0.0122,0.1717,0.6254,0.0126,0.0903,0.0002,0.0421,0.0415
South America,2024-02,0.0042,0.015,0.1714,0.6216,0.0119,0.0921,0.0002,0.0398,0.0438
South America,2024-03,0.0048,0.0145,0.167,0.628,0.0123,0.0911,0.0002,0.0417,0.0404
South America,2024-04,0.0061,0.014,0.1625,0.6249,0.0129,0.0945,0.0002,0.04,0.0451
South America,2024-05,0.0076,0.0132,0.1713,0.6083,0.012,0.0927,0.0002,0.0374,0.0573
South America,2024-06,0.0083,0.0116,0.1781,0.5948,0.0133,0.0934,0.0002,0.0355,0.0649
South America,2024-07,0.0086,0.0119,0.1813,0.5827,0.0134,0.0924,0.0002,0.0385,0.0711
South America,2024-08,0.0087,0.0136,0.1845,0.569,0.0112,0.0932,0.0001,0.0434,0.0762
South America,2024-09,0.0094,0.0137,0.1911,0.5561,0.0097,0.0951,0.0001,0.0469,0.0778
South America,2024-10,0.0079,0.0169,0.1895,0.5604,0.0095,0.095,0.0001,0.0511,0.0695
South America,2024-11,0.0068,0.0131,0.1781,0.5843,0.0055,0.0948,0.0001,0.0504,0.0669
South America,2024-12,0.0047,0.0128,0.1686,0.5962,0.0072,0.0928,0.0001,0.0541,0.0635
South America,2025-01,0.0039,0.0094,0.1717,0.6172,0.0109,0.09,0.0001,0.0529,0.044
South America,2025-02,0.0039,0.0109,0.1696,0.6138,0.0105,0.0908,0.0001,0.05,0.0504
South America,2025-03,0.0043,0.0103,0.1649,0.6104,0.0114,0.0887,0.0001,0.0545,0.0555
South America,2025-04,0.0045,0.0089,0.1663,0.6112,0.0114,0.0893,0.0001,0.0531,0.0553
