continent,period,Bioenergy,Coal,Gas,Hydro,Nuclear,Other Fossil,Other Renewables,Solar,Wind
Africa,2019-01,0.0074,0.0911,0.4422,0.2924,0.0042,0.143,0.0014,0.0107,0.0074
Africa,2019-02,0.0074,0.0868,0.4426,0.2958,0.0039,0.1444,0.0013,0.0107,0.007
Africa,2019-03,0.0074,0.0907,0.4427,0.2939,0.0042,0.1414,0.0015,0.0111,0.007
Africa,2019-04,0.0074,0.0916,0.4421,0.2942,0.0041,0.1412,0.0013,0.011,0.0071
Africa,2019-05,0.0073,0.0949,0.4428,0.2923,0.0035,0.1395,0.0014,0.0111,0.0071
Africa,2019-06,0.0073,0.093,0.4436,0.2915,0.004,0.141,0.0014,0.0112,0.007
Africa,2019-07,0.0072,0.0941,0.4428,0.2894,0.004,0.142,0.0014,0.0113,0.0078
Africa,2019-08,0.0073,0.0931,0.4399,0.2921,0.0042,0.1444,0.0014,0.0102,0.0074
Africa,2019-09,0.0073,0.091,0.4467,0.2908,0.0034,0.1411,0.0015,0.0109,0.0072
Africa,2019-10,0.0073,0.0937,0.4431,0.2932,0.0024,0.1401,0.0015,0.0115,0.0071
Africa,2019-11,0.0074,0.0914,0.443,0.2944,0.0024,0.1411,0.0015,0.0114,0.0073
Africa,2019-12,0.0074,0.0893,0.4445,0.2947,0.0024,0.1417,0.0015,0.0113,0.0071
Africa,2020-01,0.0078,0.0953,0.4139,0.31,0.004,0.1493,0.0016,0.012,0.0061
Africa,2020-02,0.0078,0.093,0.4134,0.3124,0.0042,0.1498,0.0015,0.0117,0.0062
Africa,2020-03,0.0078,0.0947,0.4106,0.3124,0.0039,0.1507,0.0016,0.0121,0.0061
Africa,2020-04,0.0079,0.087,0.4148,0.3169,0.0026,0.151,0.0015,0.0124,0.006
Africa,2020-05,0.0078,0.0948,0.4143,0.3128,0.0025,0.1479,0.0014,0.0125,0.0059
Africa,2020-06,0.0077,0.0982,0.4142,0.3102,0.0024,0.1468,0.0015,0.0126,0.0063
Africa,2020-07,0.0076,0.0986,0.4169,0.3073,0.0032,0.1457,0.0015,0.0124,0.0067
Africa,2020-08,0.0076,0.0966,0.4198,0.3072,0.0028,0.1452,0.0014,0.0125,0.0068
Africa,2020-09,0.0077,0.0956,0.4193,0.3084,0.0025,0.1458,0.0013,0.013,0.0063
Africa,2020-10,0.0077,0.0972,0.4171,0.3085,0.0029,0.1459,0.0015,0.0128,0.0063
Africa,2020-11,0.0078,0.0939,0.415,0.3113,0.0043,0.1476,0.0014,0.0123,0.0064
Africa,2020-12,0.0078,0.0922,0.4168,0.3104,0.0044,0.148,0.0014,0.0124,0.0067
Africa,2021-01,0.0078,0.0937,0.4167,0.3105,0.0027,0.1478,0.0016,0.0123,0.007
Africa,2021-02,0.0078,0.0904,0.4153,0.314,0.0024,0.1496,0.0015,0.0126,0.0064
Africa,2021-03,0.0078,0.0954,0.4148,0.31,0.0026,0.1479,0.0016,0.013,0.007
Africa,2021-04,0.0078,0.0958,0.4149,0.3107,0.0025,0.1477,0.0015,0.013,0.0061
Africa,2021-05,0.0077,0.098,0.4156,0.3085,0.0025,0.1464,0.0014,0.013,0.007
Africa,2021-06,0.0077,0.0969,0.4165,0.3075,0.0031,0.1466,0.0014,0.013,0.0073
Africa,2021-07,0.0076,0.0977,0.4182,0.3041,0.0044,0.1464,0.0015,0.0126,0.0076
Africa,2021-08,0.0076,0.0954,0.4205,0.3045,0.0043,0.1465,0.0015,0.0126,0.0071
Africa,2021-09,0.0077,0.0932,0.4197,0.3076,0.0041,0.1456,0.0015,0.0135,0.0071
Africa,2021-10,0.0078,0.0919,0.4148,0.3095,0.0041,0.1487,0.0014,0.0146,0.0073
Africa,2021-11,0.0078,0.0914,0.412,0.3104,0.0043,0.153,0.0014,0.0127,0.007
Africa,2021-12,0.0078,0.0903,0.413,0.3109,0.0044,0.1524,0.0013,0.0128,0.007
Africa,2022-01,0.0078,0.0924,0.4131,0.3101,0.0033,0.1522,0.0012,0.0127,0.0071
Africa,2022-02,0.0079,0.0908,0.412,0.3132,0.0024,0.1531,0.0011,0.013,0.0065
Africa,2022-03,0.0078,0.0946,0.4099,0.3105,0.0025,0.1525,0.0015,0.0135,0.0072
Africa,2022-04,0.0078,0.0919,0.4095,0.3112,0.0025,0.1541,0.0016,0.014,0.0073
Africa,2022-05,0.0077,0.0958,0.4097,0.3097,0.0025,0.1519,0.0018,0.0141,0.0068
Africa,2022-06,0.0077,0.0948,0.4142,0.3063,0.0025,0.1519,0.0017,0.0134,0.0076
Africa,2022-07,0.0076,0.0948,0.4145,0.3052,0.0024,0.1518,0.0017,0.0138,0.0081
Africa,2022-08,0.0076,0.0941,0.4152,0.3041,0.0034,0.1517,0.0017,0.0142,0.008
Africa,2022-09,0.0077,0.0884,0.4137,0.3079,0.0028,0.1561,0.0017,0.0143,0.0074
Africa,2022-10,0.0077,0.0899,0.4083,0.3103,0.0044,0.156,0.0017,0.0142,0.0074
Africa,2022-11,0.0078,0.0885,0.4124,0.3115,0.004,0.1529,0.0017,0.0137,0.0074
Africa,2022-12,0.0078,0.0851,0.4133,0.3118,0.003,0.1552,0.0018,0.0145,0.0074
Africa,2023-01,0.0078,0.0863,0.4147,0.311,0.0026,0.1532,0.0018,0.0147,0.0079
Africa,2023-02,0.0079,0.0837,0.4135,0.3139,0.0024,0.1548,0.0017,0.0148,0.0072
Africa,2023-03,0.0078,0.0889,0.4136,0.3102,0.0026,0.1525,0.0018,0.0147,0.0079
Africa,2023-04,0.0078,0.0867,0.4151,0.3124,0.0024,0.1516,0.0017,0.015,0.0074
Africa,2023-05,0.0077,0.0894,0.4149,0.3098,0.0026,0.1518,0.0017,0.0144,0.0075
Africa,2023-06,0.0077,0.0918,0.4139,0.3093,0.0024,0.1505,0.0017,0.0142,0.0085
Africa,2023-07,0.0077,0.092,0.4147,0.308,0.0025,0.1502,0.0017,0.0144,0.0088
Africa,2023-08,0.0077,0.0908,0.4146,0.3087,0.0026,0.15,0.0018,0.015,0.0089
Africa,2023-09,0.0078,0.0867,0.4157,0.3106,0.0025,0.1511,0.0017,0.0155,0.0083
Africa,2023-10,0.0077,0.0894,0.4142,0.3096,0.0025,0.1502,0.0017,0.0161,0.0085
Africa,2023-11,0.0077,0.0853,0.4161,0.3105,0.0027,0.1516,0.0017,0.0163,0.0081
Africa,2023-12,0.0077,0.086,0.4162,0.3105,0.003,0.1503,0.0017,0.0163,0.0082
Africa,2024-01,0.0077,0.0861,0.4161,0.3105,0.003,0.1504,0.0017,0.0163,0.0082
Africa,2024-02,0.0077,0.0861,0.4161,0.3105,0.003,0.1504,0.0017,0.0163,0.0082
Asia,2019-01,0.013,0.3673,0.3636,0.0892,0.0212,0.1073,0.0069,0.0145,0.0171
Asia,2019-02,0.0122,0.3672,0.3621,0.0922,0.0205,0.1071,0.007,0.0149,0.0169
Asia,2019-03,0.012,0.3607,0.3584,0.0959,0.0238,0.1045,0.0069,0.0183,0.0196
Asia,2019-04,0.0114,0.3519,0.3615,0.1007,0.0231,0.1054,0.007,0.0194,0.0197
Asia,2019-05,0.0109,0.3466,0.3589,0.1092,0.0225,0.1035,0.0069,0.0201,0.0213
Asia,2019-06,0.0108,0.3506,0.3572,0.1129,0.0222,0.1031,0.0067,0.0189,0.0175
Asia,2019-07,0.011,0.3583,0.3478,0.1202,0.0223,0.1002,0.0065,0.0177,0.0159
Asia,2019-08,0.0111,0.3604,0.3477,0.1185,0.0227,0.0994,0.0065,0.0182,0.0154
Asia,2019-09,0.011,0.3508,0.3582,0.1158,0.0215,0.1033,0.0067,0.0181,0.0145
Asia,2019-10,0.0111,0.35,0.3612,0.1109,0.0219,0.1041,0.0066,0.0178,0.0165
Asia,2019-11,0.0116,0.3633,0.3569,0.0976,0.023,0.1052,0.0065,0.0164,0.0195
Asia,2019-12,0.0125,0.383,0.3486,0.0877,0.0231,0.1031,0.0063,0.0154,0.0203
Asia,2020-01,0.0129,0.3609,0.3676,0.0871,0.0205,0.1099,0.0067,0.0167,0.0176
Asia,2020-02,0.0128,0.3599,0.3668,0.089,0.0208,0.1086,0.0067,0.0176,0.0177
Asia,2020-03,0.0125,0.3487,0.3629,0.0943,0.0244,0.1051,0.0067,0.0214,0.0241
Asia,2020-04,0.0124,0.3471,0.3632,0.0965,0.0242,0.1053,0.0068,0.0233,0.0214
Asia,2020-05,0.0121,0.351,0.3562,0.101,0.0242,0.1029,0.0066,0.0229,0.0231
Asia,2020-06,0.0116,0.3482,0.3525,0.1154,0.0233,0.1019,0.0064,0.0209,0.0197
Asia,2020-07,0.0117,0.3523,0.346,0.1251,0.0228,0.0994,0.0062,0.0195,0.0169
Asia,2020-08,0.012,0.3616,0.3424,0.1211,0.0216,0.0977,0.0061,0.0198,0.0176
Asia,2020-09,0.0117,0.3469,0.3519,0.1244,0.0207,0.1019,0.0064,0.0203,0.0158
Asia,2020-10,0.0117,0.3425,0.3545,0.121,0.0213,0.1024,0.0065,0.0199,0.0201
Asia,2020-11,0.0128,0.3659,0.3516,0.0987,0.0225,0.1026,0.0065,0.0182,0.0212
Asia,2020-12,0.0137,0.3886,0.3399,0.0883,0.0231,0.1008,0.0062,0.0172,0.0221
Asia,2021-01,0.0133,0.3723,0.3517,0.0842,0.0214,0.1048,0.0065,0.0197,0.0261
Asia,2021-02,0.0132,0.371,0.352,0.0864,0.021,0.1034,0.0063,0.0205,0.0261
Asia,2021-03,0.0131,0.3749,0.346,0.0858,0.0235,0.1,0.0064,0.0235,0.0268
Asia,2021-04,0.0126,0.3631,0.3505,0.092,0.0229,0.1007,0.0065,0.024,0.0275
Asia,2021-05,0.0123,0.3523,0.3474,0.1011,0.024,0.1,0.0064,0.0258,0.0306
Asia,2021-06,0.0122,0.3574,0.3437,0.1086,0.0237,0.0991,0.0062,0.0246,0.0245
Asia,2021-07,0.0126,0.3643,0.334,0.1166,0.0242,0.0956,0.006,0.0233,0.0234
Asia,2021-08,0.0124,0.3652,0.3355,0.1168,0.0238,0.0964,0.0061,0.0238,0.0199
Asia,2021-09,0.0122,0.3502,0.3429,0.1216,0.0235,0.1002,0.0063,0.0225,0.0206
Asia,2021-10,0.0122,0.3473,0.3478,0.1123,0.0246,0.1015,0.0064,0.0226,0.0253
Asia,2021-11,0.0128,0.3602,0.3461,0.0977,0.0241,0.1025,0.0065,0.0218,0.0283
Asia,2021-12,0.0138,0.3814,0.3356,0.0855,0.0264,0.1,0.0063,0.0212,0.0299
Asia,2022-01,0.0138,0.3747,0.3429,0.085,0.0248,0.1038,0.0064,0.023,0.0256
Asia,2022-02,0.0137,0.3739,0.3443,0.0866,0.0233,0.1027,0.0064,0.0237,0.0255
Asia,2022-03,0.0133,0.3624,0.3419,0.0915,0.0237,0.0993,0.0063,0.0276,0.0341
Asia,2022-04,0.0126,0.3453,0.3464,0.0995,0.0232,0.1022,0.0065,0.0311,0.0331
Asia,2022-05,0.0122,0.3386,0.3418,0.1121,0.0238,0.1007,0.0064,0.0313,0.0331
Asia,2022-06,0.012,0.3463,0.3379,0.1198,0.022,0.0976,0.0062,0.0294,0.0287
Asia,2022-07,0.0125,0.3669,0.3273,0.1172,0.0236,0.0942,0.0059,0.0279,0.0244
Asia,2022-08,0.013,0.3785,0.3239,0.1096,0.0238,0.094,0.0059,0.0272,0.024
Asia,2022-09,0.0126,0.3595,0.3393,0.106,0.0229,0.0993,0.0063,0.0287,0.0253
Asia,2022-10,0.0126,0.3491,0.3434,0.1046,0.0252,0.0999,0.0064,0.028,0.0306
Asia,2022-11,0.0133,0.3644,0.3426,0.0922,0.0256,0.1005,0.0064,0.025,0.03
Asia,2022-12,0.014,0.3814,0.3297,0.0863,0.026,0.0985,0.0062,0.0233,0.0346
Asia,2023-01,0.0145,0.3696,0.3369,0.0843,0.0251,0.1018,0.0064,0.0279,0.0334
Asia,2023-02,0.0142,0.3685,0.3387,0.0858,0.0239,0.101,0.0064,0.0289,0.0326
Asia,2023-03,0.0144,0.3696,0.3342,0.0843,0.0252,0.0965,0.0063,0.0346,0.0348
Asia,2023-04,0.0135,0.3557,0.3401,0.0871,0.0239,0.0986,0.0064,0.0348,0.0398
Asia,2023-05,0.0132,0.3568,0.3377,0.0926,0.0248,0.0968,0.0063,0.0353,0.0365
Asia,2023-06,0.0133,0.3662,0.3336,0.0974,0.0243,0.0948,0.0061,0.0352,0.0291
Asia,2023-07,0.0137,0.3756,0.3223,0.1043,0.0245,0.0907,0.0058,0.0327,0.0302
Asia,2023-08,0.0135,0.3706,0.3212,0.1154,0.0249,0.0903,0.0058,0.0345,0.0237
Asia,2023-09,0.0132,0.3566,0.3318,0.1143,0.0243,0.0949,0.0061,0.0333,0.0254
Asia,2023-10,0.0131,0.3557,0.3349,0.1069,0.0255,0.0965,0.0063,0.0343,0.0269
Asia,2023-11,0.0138,0.3665,0.3332,0.0891,0.0255,0.0961,0.0063,0.0318,0.0376
Asia,2023-12,0.0147,0.3893,0.3219,0.0833,0.025,0.0944,0.006,0.0287,0.0367
Asia,2024-01,0.0147,0.3929,0.3207,0.0813,0.025,0.0943,0.006,0.0286,0.0366
Asia,2024-02,0.0147,0.3929,0.3207,0.0813,0.025,0.0943,0.006,0.0286,0.0366
Europe,2019-01,0.0221,0.1811,0.3325,0.1574,0.1871,0.0185,0.0129,0.0078,0.0805
Europe,2019-02,0.0217,0.1751,0.3272,0.1639,0.1869,0.0177,0.0142,0.0161,0.0771
Europe,2019-03,0.023,0.1601,0.3149,0.1659,0.1848,0.0176,0.0141,0.0229,0.0968
Europe,2019-04,0.0222,0.1593,0.3202,0.1822,0.1823,0.0174,0.0152,0.0306,0.0705
Europe,2019-05,0.023,0.1531,0.3132,0.2019,0.1747,0.0173,0.0154,0.035,0.0664
Europe,2019-06,0.0221,0.152,0.3232,0.202,0.1683,0.0161,0.0155,0.042,0.0589
Europe,2019-07,0.022,0.1597,0.3376,0.1813,0.1751,0.0157,0.015,0.0391,0.0546
Europe,2019-08,0.0226,0.1592,0.3335,0.1798,0.1762,0.0167,0.0153,0.0377,0.059
Europe,2019-09,0.0215,0.1573,0.3363,0.1701,0.1785,0.0174,0.0154,0.0294,0.0742
Europe,2019-10,0.0221,0.1659,0.3414,0.1646,0.1791,0.0174,0.0147,0.0192,0.0757
Europe,2019-11,0.0235,0.1685,0.3306,0.1781,0.177,0.0171,0.0142,0.01,0.081
Europe,2019-12,0.0239,0.1617,0.3196,0.1779,0.1806,0.0171,0.0138,0.0085,0.0968
Europe,2020-01,0.0229,0.1539,0.3322,0.1673,0.1848,0.0168,0.0138,0.0103,0.0979
Europe,2020-02,0.0218,0.143,0.317,0.1783,0.1723,0.0167,0.0144,0.0161,0.1205
Europe,2020-03,0.0242,0.1391,0.3051,0.1955,0.1745,0.017,0.0148,0.0275,0.1024
Europe,2020-04,0.0259,0.1266,0.3056,0.2073,0.1775,0.017,0.0168,0.0441,0.0791
Europe,2020-05,0.0267,0.1235,0.2974,0.2231,0.1707,0.0166,0.017,0.0492,0.0759
Europe,2020-06,0.0245,0.1352,0.3225,0.2131,0.1602,0.0159,0.0168,0.0468,0.065
Europe,2020-07,0.0231,0.1357,0.3418,0.1905,0.1608,0.0161,0.0158,0.0474,0.0688
Europe,2020-08,0.0228,0.1416,0.3429,0.1868,0.1648,0.0172,0.0158,0.0432,0.0649
Europe,2020-09,0.0224,0.1493,0.339,0.1782,0.1688,0.0175,0.0158,0.0357,0.0732
Europe,2020-10,0.023,0.1488,0.3153,0.1809,0.1806,0.0166,0.0151,0.021,0.0986
Europe,2020-11,0.0235,0.161,0.3354,0.1706,0.177,0.017,0.0148,0.0141,0.0865
Europe,2020-12,0.0245,0.1573,0.3338,0.1687,0.1823,0.0165,0.014,0.0085,0.0945
Europe,2021-01,0.0244,0.157,0.3318,0.1763,0.1826,0.0166,0.0136,0.0094,0.0883
Europe,2021-02,0.0241,0.1495,0.3248,0.1846,0.1724,0.0165,0.0145,0.0175,0.0961
Europe,2021-03,0.025,0.1437,0.3256,0.1755,0.1795,0.0159,0.0143,0.0299,0.0906
Europe,2021-04,0.0248,0.1374,0.3281,0.1853,0.1758,0.0159,0.0154,0.0399,0.0773
Europe,2021-05,0.026,0.1245,0.3006,0.2113,0.1716,0.0166,0.016,0.0488,0.0846
Europe,2021-06,0.0238,0.1371,0.3233,0.2047,0.1709,0.0164,0.0161,0.0548,0.0529
Europe,2021-07,0.0234,0.1468,0.3245,0.1893,0.1701,0.0169,0.0154,0.0509,0.0626
Europe,2021-08,0.0238,0.1499,0.3204,0.1851,0.17,0.0174,0.0156,0.0459,0.0719
Europe,2021-09,0.0237,0.159,0.3366,0.1662,0.179,0.0172,0.0158,0.0389,0.0636
Europe,2021-10,0.0246,0.1535,0.3235,0.1557,0.1802,0.017,0.0151,0.0274,0.1029
Europe,2021-11,0.0246,0.1614,0.345,0.1554,0.1779,0.0175,0.0143,0.014,0.0899
Europe,2021-12,0.0255,0.1609,0.3344,0.1605,0.1777,0.0176,0.0136,0.0099,0.0999
Europe,2022-01,0.0244,0.1501,0.3359,0.1581,0.1801,0.0174,0.0137,0.0135,0.1069
Europe,2022-02,0.0239,0.1418,0.3225,0.1565,0.1707,0.0163,0.0149,0.022,0.1312
Europe,2022-03,0.0253,0.1543,0.3318,0.1642,0.1681,0.0182,0.0147,0.0365,0.0868
Europe,2022-04,0.0249,0.1351,0.3138,0.1856,0.1638,0.0163,0.0159,0.048,0.0966
Europe,2022-05,0.0245,0.1274,0.3132,0.2027,0.1561,0.0169,0.0163,0.0629,0.0799
Europe,2022-06,0.0242,0.1364,0.3237,0.1967,0.1522,0.0168,0.0162,0.0662,0.0676
Europe,2022-07,0.0243,0.1434,0.3316,0.1726,0.1529,0.0171,0.0157,0.067,0.0752
Europe,2022-08,0.0245,0.1524,0.3472,0.1661,0.1529,0.0168,0.0158,0.0617,0.0626
Europe,2022-09,0.0249,0.1558,0.3408,0.1604,0.1582,0.0172,0.0162,0.046,0.0805
Europe,2022-10,0.0229,0.1491,0.3373,0.1585,0.1572,0.0173,0.016,0.0345,0.1072
Europe,2022-11,0.0248,0.1593,0.3343,0.157,0.1598,0.0173,0.0153,0.0186,0.1136
Europe,2022-12,0.0253,0.1627,0.343,0.1618,0.1629,0.0176,0.0143,0.0111,0.1013
Europe,2023-01,0.0235,0.1513,0.3213,0.1654,0.1644,0.017,0.0142,0.015,0.1281
Europe,2023-02,0.0237,0.1505,0.3456,0.1566,0.1602,0.0174,0.0151,0.0263,0.1044
Europe,2023-03,0.024,0.1393,0.3228,0.1693,0.1575,0.0176,0.0149,0.038,0.1167
Europe,2023-04,0.0246,0.1257,0.3145,0.1874,0.1631,0.0162,0.0162,0.0577,0.0946
Europe,2023-05,0.0224,0.1156,0.3095,0.2053,0.1507,0.0162,0.0166,0.074,0.0896
Europe,2023-06,0.0205,0.1175,0.3147,0.2051,0.1584,0.0148,0.0168,0.0847,0.0675
Europe,2023-07,0.0212,0.1193,0.3179,0.1825,0.1585,0.0153,0.0159,0.079,0.0904
Europe,2023-08,0.0215,0.1269,0.3282,0.1831,0.1559,0.0164,0.0158,0.0713,0.0809
Europe,2023-09,0.0221,0.1326,0.3263,0.1744,0.1616,0.0162,0.0164,0.065,0.0852
Europe,2023-10,0.023,0.1361,0.3177,0.1718,0.1589,0.0164,0.0157,0.0396,0.1207
Europe,2023-11,0.024,0.1406,0.3115,0.1864,0.1535,0.0165,0.015,0.0219,0.1305
Europe,2023-12,0.0235,0.1346,0.3143,0.1858,0.1621,0.0163,0.0143,0.0162,0.1329
Europe,2024-01,0.0228,0.1305,0.3199,0.185,0.162,0.0165,0.0138,0.0188,0.1308
Europe,2024-02,0.023,0.1318,0.3161,0.1844,0.1564,0.0155,0.0147,0.0283,0.1298
North America,2019-01,0.0225,0.209,0.2924,0.1386,0.1457,0.1101,0.0066,0.0156,0.0594
North America,2019-02,0.0235,0.1898,0.3019,0.1419,0.1387,0.1193,0.007,0.0181,0.0599
North America,2019-03,0.0235,0.1813,0.3028,0.1419,0.1369,0.1169,0.0072,0.0235,0.066
North America,2019-04,0.0237,0.1551,0.2998,0.1477,0.1372,0.1252,0.0073,0.0279,0.0761
North America,2019-05,0.0225,0.1676,0.3087,0.1444,0.141,0.1186,0.007,0.0277,0.0625
North America,2019-06,0.0217,0.173,0.3342,0.1269,0.1414,0.1139,0.0066,0.0285,0.0537
North America,2019-07,0.0204,0.1942,0.3579,0.1109,0.1328,0.1032,0.0061,0.0261,0.0483
North America,2019-08,0.0207,0.1862,0.3694,0.107,0.1347,0.1051,0.0063,0.0257,0.0448
North America,2019-09,0.0216,0.1858,0.3517,0.1044,0.1344,0.1129,0.0067,0.0251,0.0575
North America,2019-10,0.0232,0.1615,0.3417,0.116,0.1371,0.1206,0.0068,0.0247,0.0685
North America,2019-11,0.0234,0.1788,0.3143,0.1308,0.1403,0.1201,0.0064,0.0198,0.066
North America,2019-12,0.0231,0.1648,0.3239,0.1331,0.1513,0.1142,0.0065,0.017,0.0661
North America,2020-01,0.0229,0.1488,0.3323,0.1397,0.1526,0.1107,0.0065,0.0192,0.0674
North America,2020-02,0.0232,0.1388,0.3317,0.1447,0.1419,0.1156,0.0068,0.0232,0.0739
North America,2020-03,0.0239,0.1301,0.3357,0.1416,0.1413,0.1176,0.0075,0.0273,0.0749
North America,2020-04,0.0247,0.1183,0.3253,0.1409,0.1422,0.1262,0.0079,0.0341,0.0803
North America,2020-05,0.0234,0.1236,0.3237,0.1463,0.145,0.1206,0.0074,0.0367,0.0734
North America,2020-06,0.0208,0.1472,0.3456,0.129,0.1379,0.1102,0.0065,0.0337,0.0691
North America,2020-07,0.0193,0.1726,0.3758,0.1172,0.1285,0.0994,0.0059,0.0319,0.0495
North America,2020-08,0.02,0.1784,0.3722,0.1113,0.1288,0.1019,0.006,0.03,0.0515
North America,2020-09,0.022,0.1589,0.3576,0.1139,0.1373,0.1148,0.0066,0.0298,0.0591
North America,2020-10,0.0227,0.1474,0.3487,0.1231,0.1307,0.1183,0.0069,0.0289,0.0733
North America,2020-11,0.0235,0.1541,0.3108,0.1337,0.1386,0.1206,0.0072,0.0252,0.0862
North America,2020-12,0.0223,0.1726,0.3157,0.1335,0.141,0.1102,0.0067,0.0212,0.0769
North America,2021-01,0.0222,0.1741,0.3098,0.1426,0.1426,0.1085,0.0066,0.0227,0.071
North America,2021-02,0.0224,0.1961,0.2964,0.1375,0.1318,0.1151,0.0068,0.026,0.0679
North America,2021-03,0.0236,0.1489,0.2956,0.1385,0.1376,0.1161,0.007,0.0352,0.0977
North America,2021-04,0.0233,0.1398,0.3113,0.1312,0.1319,0.1223,0.0073,0.0412,0.0917
North America,2021-05,0.0227,0.1516,0.3111,0.1292,0.1379,0.1163,0.0071,0.0432,0.081
North America,2021-06,0.0207,0.1783,0.3455,0.1164,0.1295,0.1057,0.0064,0.0378,0.0598
North America,2021-07,0.0198,0.1922,0.3612,0.1086,0.1275,0.1001,0.006,0.036,0.0485
North America,2021-08,0.0199,0.19,0.3616,0.106,0.1267,0.0992,0.0059,0.0349,0.0559
North America,2021-09,0.0216,0.1714,0.34,0.1117,0.1334,0.1111,0.0066,0.0368,0.0674
North America,2021-10,0.0227,0.1498,0.3452,0.1209,0.1245,0.1169,0.0069,0.0341,0.079
North America,2021-11,0.0227,0.1403,0.3277,0.129,0.136,0.1172,0.007,0.0302,0.0899
North America,2021-12,0.0226,0.1377,0.3197,0.1411,0.1444,0.1109,0.0068,0.0244,0.0924
North America,2022-01,0.0206,0.1752,0.3094,0.1374,0.1342,0.109,0.0065,0.0263,0.0813
North America,2022-02,0.0222,0.1625,0.301,0.1377,0.1313,0.1162,0.0067,0.0323,0.0902
North America,2022-03,0.0223,0.1435,0.2949,0.1432,0.1328,0.116,0.007,0.0407,0.0997
North America,2022-04,0.0223,0.1388,0.2992,0.1313,0.1227,0.1222,0.0072,0.0471,0.1092
North America,2022-05,0.0214,0.1421,0.3211,0.1271,0.1271,0.1143,0.0067,0.0481,0.0921
North America,2022-06,0.0204,0.153,0.3476,0.1231,0.1256,0.106,0.0062,0.0462,0.072
North America,2022-07,0.0193,0.1629,0.3796,0.1094,0.1216,0.0987,0.0059,0.0426,0.06
North America,2022-08,0.0194,0.1632,0.3841,0.1108,0.1246,0.0996,0.006,0.0406,0.0516
North America,2022-09,0.0208,0.1466,0.3686,0.1114,0.1292,0.1115,0.0065,0.0427,0.0627
North America,2022-10,0.022,0.1364,0.3485,0.1172,0.1261,0.1193,0.0071,0.0422,0.0813
North America,2022-11,0.0222,0.1381,0.3267,0.1284,0.131,0.1162,0.0071,0.0319,0.0986
North America,2022-12,0.0211,0.1577,0.3268,0.1303,0.1337,0.1119,0.0067,0.0259,0.086
North America,2023-01,0.0216,0.1377,0.3299,0.1359,0.1418,0.1098,0.0067,0.0296,0.0868
North America,2023-02,0.0219,0.1251,0.3257,0.1334,0.1331,0.117,0.007,0.0356,0.1013
North America,2023-03,0.0212,0.1246,0.3307,0.131,0.1303,0.1123,0.0068,0.0434,0.0997
North America,2023-04,0.0215,0.1114,0.3312,0.1236,0.1266,0.1212,0.0073,0.0536,0.1037
North America,2023-05,0.0214,0.1127,0.3482,0.1335,0.1288,0.1162,0.007,0.0563,0.0759
North America,2023-06,0.0199,0.1321,0.3765,0.1085,0.1289,0.1108,0.0062,0.0542,0.0628
North America,2023-07,0.0182,0.1513,0.397,0.0992,0.1229,0.0987,0.0056,0.0501,0.0569
North America,2023-08,0.0183,0.1507,0.3978,0.098,0.1236,0.0996,0.0057,0.0483,0.0579
North America,2023-09,0.0196,0.1354,0.3825,0.1015,0.1301,0.1113,0.0063,0.0487,0.0644
North America,2023-10,0.0202,0.1259,0.3572,0.1113,0.1294,0.1162,0.0068,0.0467,0.0863
North America,2023-11,0.0215,0.1275,0.3475,0.1198,0.1325,0.1171,0.0068,0.0371,0.0903
North America,2023-12,0.0208,0.1317,0.3491,0.1201,0.14,0.1111,0.0066,0.0322,0.0883
North America,2024-01,0.0195,0.1577,0.3523,0.1172,0.132,0.1064,0.0062,0.0311,0.0776
North America,2024-02,0.0206,0.1177,0.3386,0.1293,0.1379,0.1128,0.0067,0.0397,0.0968
Oceania,2019-01,0.0076,0.3951,0.0854,0.1418,0,0.2452,0.0284,0.0533,0.0433
Oceania,2019-02,0.0083,0.3784,0.0791,0.1383,0,0.2677,0.0288,0.0515,0.0479
Oceania,2019-03,0.0079,0.3953,0.0843,0.135,0,0.2556,0.0293,0.048,0.0445
Oceania,2019-04,0.0081,0.3762,0.0664,0.1496,0,0.2721,0.0315,0.0464,0.0496
Oceania,2019-05,0.0074,0.3775,0.073,0.1585,0,0.2591,0.0306,0.0386,0.0555
Oceania,2019-06,0.0076,0.3736,0.0798,0.171,0,0.2546,0.03,0.0341,0.0493
Oceania,2019-07,0.008,0.3689,0.0805,0.1658,0,0.2491,0.0297,0.0391,0.0591
Oceania,2019-08,0.0086,0.3536,0.0879,0.1624,0,0.2491,0.0297,0.048,0.0608
Oceania,2019-09,0.0086,0.3376,0.0884,0.1549,0,0.2662,0.0299,0.0583,0.0561
Oceania,2019-10,0.0082,0.3448,0.0842,0.1471,0,0.2642,0.0309,0.065,0.0557
Oceania,2019-11,0.0079,0.3505,0.059,0.1549,0,0.2656,0.028,0.0721,0.0621
Oceania,2019-12,0.0078,0.3708,0.0611,0.1477,0,0.2529,0.0284,0.075,0.0562
Oceania,2020-01,0.0074,0.3845,0.0682,0.142,0,0.249,0.0291,0.0664,0.0533
Oceania,2020-02,0.0081,0.3685,0.0771,0.1462,0,0.262,0.0291,0.0612,0.0477
Oceania,2020-03,0.0075,0.3585,0.072,0.1477,0,0.2621,0.0312,0.0639,0.057
Oceania,2020-04,0.008,0.3509,0.0617,0.1535,0,0.2779,0.0328,0.0582,0.057
Oceania,2020-05,0.0074,0.353,0.0725,0.1638,0,0.2604,0.0313,0.0489,0.0627
Oceania,2020-06,0.0076,0.3699,0.0845,0.1552,0,0.2561,0.0293,0.0425,0.0549
Oceania,2020-07,0.0074,0.369,0.0926,0.1595,0,0.2472,0.0289,0.0453,0.0501
Oceania,2020-08,0.0078,0.3573,0.0765,0.1512,0,0.2519,0.0294,0.056,0.0698
Oceania,2020-09,0.0086,0.3359,0.0586,0.1498,0,0.269,0.0302,0.0687,0.0792
Oceania,2020-10,0.0086,0.3278,0.0634,0.1586,0,0.2662,0.029,0.0778,0.0686
Oceania,2020-11,0.0079,0.3396,0.0517,0.1499,0,0.2654,0.0289,0.0897,0.0669
Oceania,2020-12,0.0077,0.3456,0.0526,0.1445,0,0.2579,0.0298,0.0886,0.0733
Oceania,2021-01,0.0076,0.3562,0.0514,0.1388,0,0.2551,0.0304,0.0888,0.0716
Oceania,2021-02,0.0081,0.3521,0.0471,0.1428,0,0.2722,0.0299,0.0833,0.0646
Oceania,2021-03,0.0074,0.3638,0.0503,0.1464,0,0.2599,0.031,0.0768,0.0643
Oceania,2021-04,0.0077,0.3607,0.0516,0.1504,0,0.2696,0.0315,0.0713,0.0571
Oceania,2021-05,0.0074,0.361,0.0643,0.1535,0,0.2586,0.0298,0.0582,0.0673
Oceania,2021-06,0.0072,0.3517,0.0855,0.1589,0,0.2526,0.0275,0.0482,0.0682
Oceania,2021-07,0.0075,0.3602,0.0677,0.1586,0,0.2438,0.0276,0.0518,0.0829
Oceania,2021-08,0.0081,0.3407,0.0583,0.1612,0,0.2531,0.0302,0.0693,0.0792
Oceania,2021-09,0.0083,0.3127,0.0483,0.1666,0,0.2671,0.0303,0.0859,0.081
Oceania,2021-10,0.0085,0.314,0.0445,0.166,0,0.2647,0.0306,0.0993,0.0724
Oceania,2021-11,0.008,0.3162,0.0428,0.1649,0,0.2685,0.0308,0.0938,0.075
Oceania,2021-12,0.0076,0.3213,0.0439,0.1501,0,0.2574,0.0289,0.1184,0.0724
Oceania,2022-01,0.0074,0.3396,0.0519,0.1438,0,0.2477,0.0287,0.1072,0.0737
Oceania,2022-02,0.0077,0.3203,0.0535,0.1426,0,0.2684,0.0289,0.1045,0.0741
Oceania,2022-03,0.0073,0.3424,0.0589,0.1431,0,0.2561,0.0293,0.0927,0.0701
Oceania,2022-04,0.0077,0.3266,0.0671,0.1457,0,0.2699,0.0315,0.0794,0.0721
Oceania,2022-05,0.0073,0.328,0.0772,0.1669,0,0.2557,0.0307,0.0611,0.0731
Oceania,2022-06,0.0068,0.3073,0.0925,0.1686,0,0.2486,0.0298,0.0576,0.0888
Oceania,2022-07,0.0069,0.3263,0.0865,0.1656,0,0.2408,0.0295,0.062,0.0824
Oceania,2022-08,0.0076,0.3172,0.0631,0.1675,0,0.2461,0.0299,0.0744,0.0942
Oceania,2022-09,0.008,0.3048,0.0524,0.1734,0,0.2601,0.0301,0.0903,0.0808
Oceania,2022-10,0.0081,0.3013,0.0488,0.1664,0,0.2612,0.0311,0.1011,0.082
Oceania,2022-11,0.0079,0.2767,0.0401,0.1729,0,0.2675,0.0282,0.1262,0.0803
Oceania,2022-12,0.008,0.289,0.0369,0.1582,0,0.2595,0.0294,0.1382,0.0809
Oceania,2023-01,0.0075,0.3123,0.0452,0.1489,0,0.251,0.029,0.1296,0.0765
Oceania,2023-02,0.0072,0.3128,0.0438,0.1402,0,0.2638,0.0284,0.1245,0.0792
Oceania,2023-03,0.0072,0.3238,0.0575,0.1459,0,0.2533,0.029,0.1099,0.0734
Oceania,2023-04,0.0077,0.306,0.0547,0.1603,0,0.2696,0.029,0.0994,0.0732
Oceania,2023-05,0.0072,0.318,0.0642,0.1701,0,0.2506,0.0275,0.0828,0.0794
Oceania,2023-06,0.0074,0.3151,0.0596,0.1721,0,0.2494,0.028,0.0677,0.1007
Oceania,2023-07,0.0073,0.3237,0.0572,0.1658,0,0.2449,0.0289,0.0749,0.0973
Oceania,2023-08,0.0082,0.3116,0.0616,0.1679,0,0.2479,0.0301,0.0949,0.0778
Oceania,2023-09,0.0085,0.2876,0.0461,0.153,0,0.2645,0.0306,0.123,0.0867
Oceania,2023-10,0.0089,0.2812,0.0309,0.1552,0,0.2595,0.0303,0.1367,0.0972
Oceania,2023-11,0.0081,0.2891,0.0402,0.1537,0,0.2621,0.0294,0.1366,0.0808
Oceania,2023-12,0.0077,0.3017,0.0407,0.139,0,0.2501,0.0292,0.1447,0.0868
Oceania,2024-01,0.0073,0.319,0.0446,0.1361,0,0.2451,0.0283,0.1383,0.0815
Oceania,2024-02,0.0077,0.3119,0.0517,0.1418,0,0.2494,0.0288,0.1327,0.0759
South America,2019-01,0.004,0.0212,0.2112,0.6285,0.0096,0.0864,0.0002,0.0079,0.031
South America,2019-02,0.0042,0.0244,0.228,0.6148,0.0101,0.0918,0.0002,0.0073,0.0192
South America,2019-03,0.0058,0.0255,0.2127,0.6241,0.0109,0.0901,0.0002,0.0079,0.0227
South America,2019-04,0.0076,0.0231,0.2098,0.6281,0.0106,0.0907,0.0002,0.0071,0.0229
South America,2019-05,0.0091,0.0253,0.2095,0.619,0.0098,0.0898,0.0002,0.0066,0.0307
South America,2019-06,0.0097,0.0221,0.2204,0.596,0.0136,0.0901,0.0002,0.0067,0.0413
South America,2019-07,0.0102,0.0289,0.2348,0.5761,0.0137,0.0883,0.0002,0.0072,0.0406
South America,2019-08,0.0105,0.0257,0.2374,0.5655,0.0145,0.0897,0.0002,0.0084,0.0481
South America,2019-09,0.0096,0.0283,0.2321,0.5707,0.0144,0.0904,0.0002,0.0093,0.045
South America,2019-10,0.0092,0.0268,0.232,0.5745,0.0132,0.0886,0.0002,0.0099,0.0456
South America,2019-11,0.0083,0.0279,0.229,0.5823,0.0136,0.0881,0.0002,0.0101,0.0405
South America,2019-12,0.0061,0.0321,0.2202,0.5903,0.0133,0.0872,0.0002,0.0106,0.04
South America,2020-01,0.0048,0.0287,0.2268,0.6075,0.0113,0.0855,0.0001,0.0101,0.0253
South America,2020-02,0.0047,0.0262,0.2142,0.6208,0.0105,0.0874,0.0002,0.0098,0.0262
South America,2020-03,0.0058,0.0259,0.2098,0.6241,0.013,0.0878,0.0002,0.0105,0.0228
South America,2020-04,0.0086,0.0227,0.2105,0.6094,0.0151,0.0923,0.0002,0.0109,0.0305
South America,2020-05,0.01,0.026,0.2114,0.5998,0.0158,0.091,0.0002,0.0104,0.0355
South America,2020-06,0.0103,0.0256,0.2203,0.5882,0.0124,0.0915,0.0002,0.0095,0.042
South America,2020-07,0.0105,0.0215,0.2145,0.6008,0.0074,0.0887,0.0001,0.0102,0.0462
South America,2020-08,0.0103,0.0196,0.2153,0.59,0.0107,0.0884,0.0002,0.0113,0.0542
South America,2020-09,0.0104,0.0187,0.2104,0.5959,0.0134,0.0872,0.0002,0.0126,0.0512
South America,2020-10,0.0101,0.024,0.2229,0.5827,0.0121,0.0892,0.0001,0.0131,0.0458
South America,2020-11,0.009,0.0246,0.2365,0.5679,0.0118,0.0952,0.0002,0.0129,0.0419
South America,2020-12,0.0065,0.028,0.2299,0.5769,0.0118,0.089,0.0002,0.0134,0.0443
South America,2021-01,0.0046,0.0274,0.2256,0.5819,0.0117,0.0916,0.0001,0.0134,0.0436
South America,2021-02,0.0043,0.0258,0.2146,0.6091,0.0106,0.0919,0.0002,0.0121,0.0315
South America,2021-03,0.0044,0.0231,0.2168,0.6098,0.0118,0.0854,0.0002,0.014,0.0344
South America,2021-04,0.0071,0.0231,0.2221,0.5964,0.0098,0.0882,0.0002,0.0139,0.0391
South America,2021-05,0.0088,0.0253,0.2318,0.579,0.0106,0.0867,0.0002,0.0136,0.044
South America,2021-06,0.0096,0.0272,0.2473,0.5489,0.0097,0.0956,0.0002,0.0136,0.048
South America,2021-07,0.0108,0.0285,0.2559,0.5267,0.011,0.0952,0.0002,0.0147,0.0569
South America,2021-08,0.0107,0.0265,0.258,0.5158,0.0145,0.0964,0.0002,0.0162,0.0617
South America,2021-09,0.01,0.025,0.246,0.532,0.0129,0.0949,0.0002,0.0191,0.06
South America,2021-10,0.0058,0.0234,0.2471,0.5392,0.0135,0.0942,0.0002,0.0191,0.0577
South America,2021-11,0.0071,0.022,0.238,0.5578,0.0137,0.0917,0.0002,0.0206,0.0489
South America,2021-12,0.0049,0.0228,0.2314,0.5737,0.0143,0.085,0.0002,0.0195,0.0482
South America,2022-01,0.0041,0.0193,0.224,0.59,0.0138,0.0858,0.0003,0.0217,0.041
South America,2022-02,0.0041,0.0184,0.2143,0.6013,0.0127,0.0871,0.0003,0.0217,0.0402
South America,2022-03,0.004,0.0181,0.2026,0.6129,0.0125,0.0821,0.0003,0.0226,0.045
South America,2022-04,0.006,0.0152,0.1971,0.6176,0.0123,0.0858,0.0003,0.022,0.0437
South America,2022-05,0.0086,0.0176,0.2102,0.5978,0.012,0.084,0.0004,0.0212,0.0484
South America,2022-06,0.0092,0.0191,0.2214,0.5889,0.0084,0.0856,0.0002,0.0198,0.0475
South America,2022-07,0.0102,0.0183,0.2191,0.5765,0.008,0.0827,0.0003,0.0217,0.063
South America,2022-08,0.0098,0.0156,0.212,0.5736,0.0124,0.0829,0.0003,0.0254,0.068
South America,2022-09,0.0094,0.0125,0.2126,0.5729,0.0106,0.0849,0.0003,0.0284,0.0686
South America,2022-10,0.0079,0.0109,0.2054,0.5814,0.009,0.0832,0.0003,0.0305,0.0715
South America,2022-11,0.0071,0.0104,0.2125,0.6026,0.005,0.0847,0.0002,0.0278,0.0496
South America,2022-12,0.0049,0.012,0.2135,0.5928,0.0105,0.0846,0.0003,0.0294,0.0518
South America,2023-01,0.0042,0.0119,0.2082,0.5984,0.0119,0.0837,0.0002,0.0308,0.0507
South America,2023-02,0.0038,0.0129,0.2012,0.604,0.0104,0.0847,0.0002,0.0307,0.0522
South America,2023-03,0.0042,0.0142,0.2025,0.6131,0.0104,0.0785,0.0002,0.0301,0.0467
South America,2023-04,0.0061,0.0139,0.2005,0.6121,0.012,0.0829,0.0003,0.0299,0.0422
South America,2023-05,0.0084,0.0159,0.2104,0.5846,0.0124,0.0821,0.0002,0.0311,0.0549
South America,2023-06,0.009,0.0157,0.2251,0.5593,0.0123,0.0826,0.0003,0.0295,0.0661
South America,2023-07,0.0096,0.0166,0.2111,0.5636,0.0124,0.082,0.0003,0.0328,0.0716
South America,2023-08,0.0101,0.016,0.2038,0.5722,0.0124,0.081,0.0002,0.0361,0.0682
South America,2023-09,0.0098,0.0142,0.2003,0.5732,0.0116,0.0831,0.0003,0.0391,0.0687
South America,2023-10,0.0095,0.0146,0.1921,0.5812,0.0068,0.0816,0.0003,0.0423,0.0716
South America,2023-11,0.0083,0.0131,0.1969,0.5835,0.0073,0.0832,0.0002,0.0454,0.0621
South America,2023-12,0.0067,0.0145,0.1891,0.5876,0.0126,0.0816,0.0002,0.0468,0.0608
South America,2024-01,0.0052,0.0138,0.195,0.5989,0.0139,0.081,0.0002,0.0462,0.0458
South America,2024-02,0.0055,0.0166,0.1914,0.5976,0.0136,0.082,0.0002,0.0441,0.049
