country,year,Bioenergy,Coal,Gas,Hydro,Nuclear,Other Fossil,Other Renewables,Solar,Wind
AE,2019,0,0,0.9736,0,0,0,0,0.0264,0
AE,2020,0,0,0.9736,0,0,0,0,0.0264,0
AE,2021,0,0,0.9736,0,0,0,0,0.0264,0
AE,2022,0,0,0.9736,0,0,0,0,0.0264,0
AE,2023,0,0,0.9736,0,0,0,0,0.0264,0
AE,2024,0,0,0.9736,0,0,0,0,0.0264,0
AF,2019,0.0124,0.4936,0.0994,0.2539,0.0439,0.0251,0.0046,0.0335,0.0337
AF,2020,0.0139,0.4857,0.0967,0.2563,0.0439,0.0242,0.004,0.0381,0.0373
AF,2021,0.0156,0.484,0.0913,0.2475,0.0439,0.0244,0.0039,0.0426,0.0469
AF,2022,0.0161,0.4753,0.0869,0.2468,0.0438,0.0249,0.004,0.0501,0.0521
AF,2023,0.0164,0.4789,0.0827,0.235,0.0439,0.0227,0.004,0.0586,0.0577
AF,2024,0.0153,0.4707,0.0824,0.2251,0.0434,0.0216,0.0041,0.0707,0.0666
AG,2019,0,0,0,0,0,0.9722,0,0.0278,0
AG,2020,0,0,0,0,0,0.9722,0,0.0278,0
AG,2021,0,0,0,0,0,0.9722,0,0.0278,0
AG,2022,0,0,0,0,0,0.9722,0,0.0278,0
AG,2023,0,0,0,0,0,0.9722,0,0.0278,0
AG,2024,0,0,0,0,0,0.9722,0,0.0278,0
AL,2019,0.0088,0.0529,0.0823,0.7336,0.0721,0.0067,0.002,0.0124,0.0292
AL,2020,0.0093,0.0469,0.08,0.7385,0.0684,0.0065,0.0021,0.0147,0.0336
AL,2021,0.0095,0.049,0.0815,0.7349,0.0696,0.0065,0.002,0.0154,0.0317
AL,2022,0.0095,0.0527,0.082,0.7301,0.0622,0.0065,0.0021,0.0186,0.0362
AL,2023,0.0088,0.0462,0.0766,0.7354,0.063,0.0062,0.0021,0.0218,0.04
AL,2024,0.0091,0.0404,0.07,0.7432,0.0621,0.0058,0.002,0.0254,0.0419
AM,2019,0,0,0.4072,0.3138,0.271,0,0,0.008,0
AM,2020,0,0,0.4072,0.3138,0.271,0,0,0.008,0
AM,2021,0,0,0.4072,0.3138,0.271,0,0,0.008,0
AM,2022,0,0,0.4072,0.3138,0.271,0,0,0.008,0
AM,2023,0,0,0.4072,0.3138,0.271,0,0,0.008,0
AM,2024,0,0,0.4072,0.3138,0.271,0,0,0.008,0
AO,2019,0.0032,0,0.1037,0.7276,0,0.1643,0,0.0013,0
AO,2020,0.0032,0,0.1037,0.7276,0,0.1643,0,0.0013,0
AO,2021,0.0032,0,0.1037,0.7276,0,0.1643,0,0.0013,0
AO,2022,0.0032,0,0.1037,0.7276,0,0.1643,0,0.0013,0
AO,2023,0.0032,0,0.1037,0.7276,0,0.1643,0,0.0013,0
AO,2024,0.0032,0,0.1037,0.7276,0,0.1643,0,0.0013,0
AR,2019,0.0044,0.0091,0.5815,0.2843,0.0597,0.0161,0.0001,0.0063,0.0384
AR,2020,0.0055,0.0135,0.5826,0.2285,0.0746,0.0153,0,0.01,0.07
AR,2021,0.0078,0.0204,0.5984,0.1784,0.0717,0.0164,0,0.0155,0.0913
AR,2022,0.0085,0.0208,0.5391,0.2359,0.0523,0.0195,0.0003,0.0221,0.1013
AR,2023,0.0082,0.0103,0.4819,0.2943,0.0616,0.0174,0.0003,0.0243,0.1018
AR,2024,0.0073,0.0018,0.5105,0.255,0.0879,0.0131,0.0001,0.0242,0.1002
AS,2019,0,0,0,0,0,1,0,0,0
AS,2020,0,0,0,0,0,1,0,0,0
AS,2021,0,0,0,0,0,1,0,0,0
AS,2022,0,0,0,0,0,1,0,0,0
AS,2023,0,0,0,0,0,1,0,0,0
AS,2024,0,0,0,0,0,1,0,0,0
AT,2019,0.0338,0.0319,0.1698,0.5938,0.018,0.0172,0.0005,0.0114,0.1236
AT,2020,0.0283,0.0157,0.1574,0.633,0.0148,0.0177,0.0004,0.0136,0.119
AT,2021,0.0258,0.0228,0.1785,0.588,0.0309,0.0187,0.0009,0.0161,0.1183
AT,2022,0.0421,0.0248,0.1902,0.5494,0.0284,0.019,0.0009,0.0208,0.1244
AT,2023,0.0241,0.0104,0.1197,0.6361,0.0129,0.0181,0.0004,0.0385,0.1398
AT,2024,0.0265,0,0.0759,0.6469,0,0.0152,0,0.0836,0.1519
AU,2019,0.0017,0.6579,0.1156,0.061,0,0,0,0.079,0.0849
AU,2020,0.0013,0.6337,0.1011,0.0644,0,0,0,0.0997,0.0998
AU,2021,0.0012,0.6054,0.0791,0.0705,0,0.0004,0,0.1257,0.1177
AU,2022,0.001,0.5588,0.0914,0.0727,0,0.0003,0,0.1469,0.1288
AU,2023,0.0015,0.5407,0.0756,0.0664,0,0.0001,0,0.1812,0.1345
AU,2024,0.0015,0.5633,0.0808,0.0543,0,0.0003,0,0.1806,0.1192
AW,2019,0,0,0,0,0,0.8454,0,0.0103,0.1443
AW,2020,0,0,0,0,0,0.8454,0,0.0103,0.1443
AW,2021,0,0,0,0,0,0.8454,0,0.0103,0.1443
AW,2022,0,0,0,0,0,0.8454,0,0.0103,0.1443
AW,2023,0,0,0,0,0,0.8454,0,0.0103,0.1443
AW,2024,0,0,0,0,0,0.8454,0,0.0103,0.1443
AZ,2019,0.0039,0,0.9291,0.0597,0,0.0019,0,0.0015,0.0039
AZ,2020,0.0039,0,0.9291,0.0597,0,0.0019,0,0.0015,0.0039
AZ,2021,0.0039,0,0.9291,0.0597,0,0.0019,0,0.0015,0.0039
AZ,2022,0.0039,0,0.9291,0.0597,0,0.0019,0,0.0015,0.0039
AZ,2023,0.0039,0,0.9291,0.0597,0,0.0019,0,0.0015,0.0039
AZ,2024,0.0039,0,0.9291,0.0597,0,0.0019,0,0.0015,0.0039
BA,2019,0,0.6171,0,0.3719,0,0,0,0,0.011
BA,2020,0,0.7117,0,0.2781,0,0,0,0,0.0102
BA,2021,0,0.6372,0,0.3439,0,0,0,0.0007,0.0182
BA,2022,0,0.6947,0,0.2788,0,0,0,0.006,0.0205
BA,2023,0,0.6121,0,0.3659,0,0,0,0.0106,0.0114
BA,2024,0,0.6125,0,0.3523,0,0,0,0.0211,0.0141
BB,2019,0,0,0.0283,0,0,0.934,0,0.0377,0
BB,2020,0,0,0.0283,0,0,0.934,0,0.0377,0
BB,2021,0,0,0.0283,0,0,0.934,0,0.0377,0
BB,2022,0,0,0.0283,0,0,0.934,0,0.0377,0
BB,2023,0,0,0.0283,0,0,0.934,0,0.0377,0
BB,2024,0,0,0.0283,0,0,0.934,0,0.0377,0
BD,2019,0.0014,0.0845,0.7008,0.0251,0.0052,0.1744,0.0006,0.004,0.004
BD,2020,0.0015,0.1165,0.6592,0.0233,0.0048,0.1859,0.0004,0.0041,0.0041
BD,2021,0.0016,0.1121,0.6112,0.0196,0.0046,0.239,0.0004,0.0065,0.0049
BD,2022,0.0018,0.1403,0.5194,0.0208,0.0049,0.297,0.0005,0.0095,0.0059
BD,2023,0.0033,0.2702,0.5054,0.0269,0.009,0.1551,0.0008,0.0177,0.0117
BD,2024,0.003,0.3642,0.4666,0.02,0.0085,0.1023,0.0008,0.0216,0.0131
BE,2019,0.0273,0.0042,0.2705,0.0053,0.4692,0.0876,0.0001,0.0398,0.0959
BE,2020,0.0289,0.0027,0.289,0.005,0.3959,0.0897,0.0001,0.0515,0.1372
BE,2021,0.0237,0.0008,0.2064,0.0032,0.515,0.0812,0,0.0501,0.1195
BE,2022,0.0219,0.0001,0.2241,0.001,0.469,0.0848,0,0.0727,0.1265
BE,2023,0.0129,0.0077,0.1995,0.0118,0.3934,0.0994,0.0004,0.0921,0.1829
BE,2024,0.0102,0.0156,0.1524,0.0248,0.4084,0.0834,0.0008,0.1129,0.1915
BF,2019,0.0023,0.1745,0.237,0.1512,0.0088,0.3494,0.0034,0.0607,0.0128
BF,2020,0.0023,0.1745,0.237,0.1512,0.0088,0.3494,0.0034,0.0607,0.0128
BF,2021,0.0023,0.1745,0.237,0.1512,0.0088,0.3494,0.0034,0.0607,0.0128
BF,2022,0.0023,0.1745,0.237,0.1512,0.0088,0.3494,0.0034,0.0607,0.0128
BF,2023,0.0023,0.1745,0.237,0.1512,0.0088,0.3494,0.0034,0.0607,0.0128
BF,2024,0.0023,0.1745,0.237,0.1512,0.0088,0.3494,0.0034,0.0607,0.0128
BG,2019,0.0053,0.437,0.0509,0.067,0.3806,0,0,0.0304,0.0289
BG,2020,0.0061,0.3794,0.0562,0.0731,0.414,0.0001,0,0.0352,0.0359
BG,2021,0.005,0.4131,0.0598,0.1069,0.3547,0,0,0.0306,0.0299
BG,2022,0.0048,0.4779,0.0534,0.0751,0.3279,0,0,0.0328,0.028
BG,2023,0.0047,0.3403,0.0557,0.0783,0.4046,0.0001,0,0.0776,0.0386
BG,2024,0.0041,0.2333,0.0683,0.1103,0.4195,0.0006,0.0002,0.1219,0.0417
BH,2019,0,0,0.999,0.0001,0,0.0005,0,0.0003,0
BH,2020,0,0,0.999,0.0001,0,0.0005,0,0.0003,0
BH,2021,0,0,0.999,0.0001,0,0.0005,0,0.0003,0
BH,2022,0,0,0.999,0.0001,0,0.0005,0,0.0003,0
BH,2023,0,0,0.999,0.0001,0,0.0005,0,0.0003,0
BH,2024,0,0,0.999,0.0001,0,0.0005,0,0.0003,0
BI,2019,0.0226,0.066,0.0897,0.5133,0.0033,0.2743,0.0013,0.0246,0.0048
BI,2020,0.0226,0.066,0.0897,0.5133,0.0033,0.2743,0.0013,0.0246,0.0048
BI,2021,0.0226,0.066,0.0897,0.5133,0.0033,0.2743,0.0013,0.0246,0.0048
BI,2022,0.0226,0.066,0.0897,0.5133,0.0033,0.2743,0.0013,0.0246,0.0048
BI,2023,0.0226,0.066,0.0897,0.5133,0.0033,0.2743,0.0013,0.0246,0.0048
BI,2024,0.0226,0.066,0.0897,0.5133,0.0033,0.2743,0.0013,0.0246,0.0048
BJ,2019,0.0027,0.2031,0.4722,0.1079,0.0102,0.1702,0.004,0.0148,0.0148
BJ,2020,0.0027,0.2031,0.4722,0.1079,0.0102,0.1702,0.004,0.0148,0.0148
BJ,2021,0.0027,0.2031,0.4722,0.1079,0.0102,0.1702,0.004,0.0148,0.0148
BJ,2022,0.0027,0.2031,0.4722,0.1079,0.0102,0.1702,0.004,0.0148,0.0148
BJ,2023,0.0027,0.2031,0.4722,0.1079,0.0102,0.1702,0.004,0.0148,0.0148
BJ,2024,0.0027,0.2031,0.4722,0.1079,0.0102,0.1702,0.004,0.0148,0.0148
BM,2019,0.0164,0,0,0,0,0.9836,0,0,0
BM,2020,0.0164,0,0,0,0,0.9836,0,0,0
BM,2021,0.0164,0,0,0,0,0.9836,0,0,0
BM,2022,0.0164,0,0,0,0,0.9836,0,0,0
BM,2023,0.0164,0,0,0,0,0.9836,0,0,0
BM,2024,0.0164,0,0,0,0,0.9836,0,0,0
BN,2019,0,0.0974,0.8925,0,0,0.0101,0,0,0
BN,2020,0,0.0974,0.8925,0,0,0.0101,0,0,0
BN,2021,0,0.0974,0.8925,0,0,0.0101,0,0,0
BN,2022,0,0.0974,0.8925,0,0,0.0101,0,0,0
BN,2023,0,0.0974,0.8925,0,0,0.0101,0,0,0
BN,2024,0,0.0974,0.8925,0,0,0.0101,0,0,0
BO,2019,0.0158,0,0.6193,0.3407,0,0,0,0.0168,0.0074
BO,2020,0.0141,0,0.6334,0.32,0,0,0,0.026,0.0065
BO,2021,0.0181,0,0.6125,0.3243,0,0,0,0.0341,0.011
BO,2022,0.0122,0,0.641,0.2697,0,0,0,0.0338,0.0432
BO,2023,0.0097,0,0.7083,0.2066,0,0,0,0.0319,0.0434
BO,2024,0.0052,0,0.6465,0.2759,0,0,0,0.0293,0.0431
BR,2019,0.0165,0.0246,0.082,0.722,0.0285,0.0206,0,0.0117,0.0942
BR,2020,0.0179,0.0194,0.0751,0.7231,0.0251,0.0237,0,0.0192,0.0964
BR,2021,0.0135,0.0273,0.1359,0.6177,0.0244,0.0357,0,0.0278,0.1178
BR,2022,0.0127,0.011,0.062,0.7003,0.0233,0.0151,0,0.0482,0.1272
BR,2023,0.0135,0.0115,0.0532,0.6685,0.0219,0.0115,0,0.0782,0.1416
BR,2024,0.0112,0.009,0.0424,0.6862,0.0239,0.0106,0,0.0971,0.1196
BS,2019,0,0,0,0,0,1,0,0,0
BS,2020,0,0,0,0,0,1,0,0,0
BS,2021,0,0,0,0,0,1,0,0,0
BS,2022,0,0,0,0,0,1,0,0,0
BS,2023,0,0,0,0,0,1,0,0,0
BS,2024,0,0,0,0,0,1,0,0,0
BT,2019,0,0,0,1,0,0,0,0,0
BT,2020,0,0,0,1,0,0,0,0,0
BT,2021,0,0,0,1,0,0,0,0,0
BT,2022,0,0,0,1,0,0,0,0,0
BT,2023,0,0,0,1,0,0,0,0,0
BT,2024,0,0,0,1,0,0,0,0,0
BW,2019,0.0011,0.7974,0.1184,0.0463,0.0044,0.0178,0.0017,0.0066,0.0064
BW,2020,0.0011,0.7974,0.1184,0.0463,0.0044,0.0178,0.0017,0.0066,0.0064
BW,2021,0.0011,0.7974,0.1184,0.0463,0.0044,0.0178,0.0017,0.0066,0.0064
BW,2022,0.0011,0.7974,0.1184,0.0463,0.0044,0.0178,0.0017,0.0066,0.0064
BW,2023,0.0011,0.7974,0.1184,0.0463,0.0044,0.0178,0.0017,0.0066,0.0064
BW,2024,0.0011,0.7974,0.1184,0.0463,0.0044,0.0178,0.0017,0.0066,0.0064
BY,2019,0.0084,0.0007,0.9686,0.0084,0,0.0049,0,0.0044,0.0044
BY,2020,0.0084,0.0007,0.9686,0.0084,0,0.0049,0,0.0044,0.0044
BY,2021,0.0084,0.0007,0.9686,0.0084,0,0.0049,0,0.0044,0.0044
BY,2022,0.0084,0.0007,0.9686,0.0084,0,0.0049,0,0.0044,0.0044
BY,2023,0.0084,0.0007,0.9686,0.0084,0,0.0049,0,0.0044,0.0044
BY,2024,0.0084,0.0007,0.9686,0.0084,0,0.0049,0,0.0044,0.0044
BZ,2019,0.171,0.023,0.1055,0.5236,0.0095,0.1206,0.0033,0.0184,0.0251
BZ,2020,0.1714,0.018,0.1096,0.5289,0.0099,0.1086,0.0032,0.0219,0.0285
BZ,2021,0.1707,0.018,0.1197,0.5133,0.0097,0.1072,0.0029,0.0251,0.0333
BZ,2022,0.1705,0.0143,0.1019,0.5279,0.0084,0.1096,0.0029,0.0294,0.0351
BZ,2023,0.1707,0.0167,0.1008,0.5192,0.0088,0.1073,0.0027,0.0357,0.0381
BZ,2024,0.1704,0.0165,0.0947,0.5257,0.0097,0.106,0.0025,0.0403,0.0341
CA,2019,0.0168,0.0744,0.1061,0.5899,0.1487,0.0087,0.0003,0.0038,0.0514
CA,2020,0.0151,0.0582,0.1098,0.6023,0.1455,0.0078,0.0002,0.004,0.0572
CA,2021,0.0157,0.0537,0.1211,0.6008,0.1389,0.0074,0.0003,0.0043,0.0577
CA,2022,0.0141,0.0407,0.1281,0.6132,0.1282,0.0092,0.0002,0.0049,0.0614
CA,2023,0.0151,0.0438,0.1378,0.5833,0.1376,0.0099,0.0002,0.0076,0.0646
CA,2024,0.0153,0.0453,0.1427,0.5671,0.1208,0.01,0.0005,0.0091,0.0892
CD,2019,0.0207,0.0228,0.031,0.9148,0.0012,0.0055,0.0005,0.0018,0.0017
CD,2020,0.0207,0.0228,0.031,0.9148,0.0012,0.0055,0.0005,0.0018,0.0017
CD,2021,0.0207,0.0228,0.031,0.9148,0.0012,0.0055,0.0005,0.0018,0.0017
CD,2022,0.0207,0.0228,0.031,0.9148,0.0012,0.0055,0.0005,0.0018,0.0017
CD,2023,0.0207,0.0228,0.031,0.9148,0.0012,0.0055,0.0005,0.0018,0.0017
CD,2024,0.0207,0.0228,0.031,0.9148,0.0012,0.0055,0.0005,0.0018,0.0017
CF,2019,0,0,0,1,0,0,0,0,0
CF,2020,0,0,0,1,0,0,0,0,0
CF,2021,0,0,0,1,0,0,0,0,0
CF,2022,0,0,0,1,0,0,0,0,0
CF,2023,0,0,0,1,0,0,0,0,0
CF,2024,0,0,0,1,0,0,0,0,0
CG,2019,0,0,0.7186,0.2322,0,0.0492,0,0,0
CG,2020,0,0,0.7186,0.2322,0,0.0492,0,0,0
CG,2021,0,0,0.7186,0.2322,0,0.0492,0,0,0
CG,2022,0,0,0.7186,0.2322,0,0.0492,0,0,0
CG,2023,0,0,0.7186,0.2322,0,0.0492,0,0,0
CG,2024,0,0,0.7186,0.2322,0,0.0492,0,0,0
CH,2019,0.0013,0.008,0.0119,0.5406,0.3555,0.0502,0.0003,0.0256,0.0065
CH,2020,0.0011,0.006,0.0101,0.5655,0.3303,0.0515,0.0002,0.0287,0.0066
CH,2021,0.0031,0.0171,0.0279,0.557,0.2896,0.0537,0.0006,0.0376,0.0132
CH,2022,0.0028,0.016,0.0248,0.4873,0.3539,0.0545,0.0006,0.0459,0.0142
CH,2023,0.001,0.0056,0.0088,0.5525,0.325,0.0501,0.0002,0.0501,0.0066
CH,2024,0,0.0002,0.0004,0.6084,0.2813,0.0484,0,0.0594,0.0018
CI,2019,0.0066,0,0.6679,0.3236,0,0.0009,0,0.0009,0
CI,2020,0.0066,0,0.6679,0.3236,0,0.0009,0,0.0009,0
CI,2021,0.0066,0,0.6679,0.3236,0,0.0009,0,0.0009,0
CI,2022,0.0066,0,0.6679,0.3236,0,0.0009,0,0.0009,0
CI,2023,0.0066,0,0.6679,0.3236,0,0.0009,0,0.0009,0
CI,2024,0.0066,0,0.6679,0.3236,0,0.0009,0,0.0009,0
CK,2019,0,0,0,0,0,0.75,0,0.25,0
CK,2020,0,0,0,0,0,0.75,0,0.25,0
CK,2021,0,0,0,0,0,0.75,0,0.25,0
CK,2022,0,0,0,0,0,0.75,0,0.25,0
CK,2023,0,0,0,0,0,0.75,0,0.25,0
CK,2024,0,0,0,0,0,0.75,0,0.25,0
CL,2019,0.0235,0.3668,0.1827,0.2691,0,0.0106,0.0028,0.0825,0.062
CL,2020,0.0243,0.3472,0.1764,0.2654,0,0.0139,0.0032,0.0982,0.0714
CL,2021,0.0248,0.3393,0.1774,0.2023,0,0.0309,0.0042,0.1323,0.0889
CL,2022,0.0231,0.2304,0.1908,0.244,0,0.025,0.0056,0.1746,0.1065
CL,2023,0.0234,0.167,0.1851,0.2861,0,0.0154,0.0052,0.1992,0.1187
CL,2024,0.0246,0.1747,0.1817,0.2727,0,0.013,0.0044,0.2107,0.1182
CM,2019,0.0047,0.0018,0.2535,0.619,0.0001,0.1184,0,0.0024,0.0001
CM,2020,0.0047,0.0018,0.2535,0.619,0.0001,0.1184,0,0.0024,0.0001
CM,2021,0.0047,0.0018,0.2535,0.619,0.0001,0.1184,0,0.0024,0.0001
CM,2022,0.0047,0.0018,0.2535,0.619,0.0001,0.1184,0,0.0024,0.0001
CM,2023,0.0047,0.0018,0.2535,0.619,0.0001,0.1184,0,0.0024,0.0001
CM,2024,0.0047,0.0018,0.2535,0.619,0.0001,0.1184,0,0.0024,0.0001
CN,2019,0.0151,0.662,0.0289,0.1579,0.0475,0.0028,0,0.0306,0.0553
CN,2020,0.0174,0.6464,0.0308,0.1593,0.0481,0.0026,0,0.0343,0.0612
CN,2021,0.0193,0.6386,0.0316,0.1423,0.0487,0.0021,0,0.0391,0.0783
CN,2022,0.0188,0.6238,0.0309,0.1393,0.0481,0.0021,0,0.0492,0.0878
CN,2023,0.0187,0.6197,0.0306,0.1242,0.0466,0.0021,0,0.0628,0.0952
CN,2024,0.0165,0.5956,0.0287,0.119,0.0452,0.0023,0,0.0807,0.112
CO,2019,0.0013,0.1063,0.0856,0.7981,0,0.0059,0,0.0016,0.0012
CO,2020,0.0022,0.1328,0.0774,0.7715,0,0.013,0,0.0031,0
CO,2021,0,0.06,0.0733,0.8542,0,0.0071,0,0.0047,0.0008
CO,2022,0,0.0466,0.0766,0.8641,0,0.0051,0,0.0067,0.0009
CO,2023,0,0.0998,0.0861,0.7876,0,0.0078,0,0.0159,0.0029
CO,2024,0,0.136,0.0848,0.7283,0,0.0077,0,0.0407,0.0025
CR,2019,0.0063,0.0014,0.0061,0.6882,0.0005,0.0106,0.1311,0.0004,0.1553
CR,2020,0.0054,0.0005,0.0024,0.7191,0.0003,0.0025,0.141,0.0003,0.1284
CR,2021,0.0066,0,0,0.7377,0,0,0.1286,0,0.1271
CR,2022,0.0059,0,0.0002,0.7409,0,0.0078,0.1327,0,0.1124
CR,2023,0.0044,0.0013,0.0074,0.6904,0.0007,0.0513,0.1206,0.0018,0.1222
CR,2024,0.0065,0.0012,0.0065,0.5638,0.0007,0.1829,0.1172,0.0021,0.1193
CU,2019,0.0251,0,0.1182,0.0068,0,0.8378,0,0.0111,0.001
CU,2020,0.0251,0,0.1182,0.0068,0,0.8378,0,0.0111,0.001
CU,2021,0.0251,0,0.1182,0.0068,0,0.8378,0,0.0111,0.001
CU,2022,0.0251,0,0.1182,0.0068,0,0.8378,0,0.0111,0.001
CU,2023,0.0251,0,0.1182,0.0068,0,0.8378,0,0.0111,0.001
CU,2024,0.0251,0,0.1182,0.0068,0,0.8378,0,0.0111,0.001
CV,2019,0,0,0,0,0,0.8182,0,0.0227,0.1591
CV,2020,0,0,0,0,0,0.8182,0,0.0227,0.1591
CV,2021,0,0,0,0,0,0.8182,0,0.0227,0.1591
CV,2022,0,0,0,0,0,0.8182,0,0.0227,0.1591
CV,2023,0,0,0,0,0,0.8182,0,0.0227,0.1591
CV,2024,0,0,0,0,0,0.8182,0,0.0227,0.1591
CY,2019,0,0,0,0,0,0.9072,0,0.0433,0.0495
CY,2020,0,0,0,0,0,0.8777,0,0.0687,0.0536
CY,2021,0,0,0,0,0,0.8495,0,0.0969,0.0536
CY,2022,0,0,0,0,0,0.8317,0,0.1222,0.0461
CY,2023,0,0,0,0,0,0.7949,0,0.1621,0.043
CY,2024,0,0,0,0,0,0.7636,0,0.1864,0.05
CZ,2019,0.0247,0.4236,0.0672,0.0243,0.3588,0.0342,0.0296,0.0288,0.0088
CZ,2020,0.031,0.376,0.0725,0.0276,0.3779,0.0446,0.032,0.0289,0.0096
CZ,2021,0.0324,0.387,0.0782,0.0319,0.3718,0.0318,0.0304,0.0286,0.0078
CZ,2022,0.0311,0.4237,0.0678,0.0264,0.3757,0.0059,0.0304,0.0305,0.0086
CZ,2023,0.0317,0.3793,0.0473,0.0333,0.4072,0.0168,0.0336,0.0402,0.0105
CZ,2024,0.036,0.3356,0.0487,0.0405,0.4167,0.0145,0.0366,0.0603,0.0111
DE,2019,0.0739,0.2752,0.1497,0.0356,0.1248,0.0462,0,0.0799,0.2147
DE,2020,0.0791,0.2266,0.17,0.0356,0.1135,0.0464,0,0.0916,0.2371
DE,2021,0.075,0.2724,0.1581,0.0361,0.1189,0.0465,0,0.0908,0.2021
DE,2022,0.0809,0.3058,0.1404,0.0322,0.0604,0.0467,0,0.1106,0.2229
DE,2023,0.0841,0.2455,0.1585,0.0461,0.0216,0.0484,0.0003,0.1245,0.2709
DE,2024,0.0886,0.1952,0.1735,0.0554,0.0084,0.0416,0.0003,0.1486,0.2883
DJ,2019,0.0034,0.2581,0.3507,0.1372,0.013,0.2026,0.0051,0.0111,0.0189
DJ,2020,0.0034,0.2581,0.3507,0.1372,0.013,0.2026,0.0051,0.0111,0.0189
DJ,2021,0.0034,0.2581,0.3507,0.1372,0.013,0.2026,0.0051,0.0111,0.0189
DJ,2022,0.0034,0.2581,0.3507,0.1372,0.013,0.2026,0.0051,0.0111,0.0189
DJ,2023,0.0034,0.2581,0.3507,0.1372,0.013,0.2026,0.0051,0.0111,0.0189
DJ,2024,0.0034,0.2581,0.3507,0.1372,0.013,0.2026,0.0051,0.0111,0.0189
DK,2019,0.1107,0.1378,0.1219,0.0314,0.0409,0.0489,0.0011,0.0355,0.4716
DK,2020,0.0921,0.14,0.1056,0.0396,0.0451,0.0478,0.0014,0.0455,0.4829
DK,2021,0.1338,0.175,0.1023,0.0234,0.0287,0.0507,0.0008,0.0446,0.4408
DK,2022,0.1136,0.1509,0.0777,0.013,0.015,0.0456,0.0005,0.0642,0.5195
DK,2023,0.1058,0.1052,0.077,0.0177,0.0198,0.0358,0.0006,0.0912,0.5468
DK,2024,0.1062,0.0959,0.065,0.0134,0.0123,0.0328,0.0004,0.1059,0.568
DM,2019,0,0,0,0.1429,0,0.8571,0,0,0
DM,2020,0,0,0,0.1429,0,0.8571,0,0,0
DM,2021,0,0,0,0.1429,0,0.8571,0,0,0
DM,2022,0,0,0,0.1429,0,0.8571,0,0,0
DM,2023,0,0,0,0.1429,0,0.8571,0,0,0
DM,2024,0,0,0,0.1429,0,0.8571,0,0,0
DO,2019,0.019,0.122,0.247,0.0472,0,0.509,0,0.0175,0.0384
DO,2020,0.019,0.122,0.247,0.0472,0,0.509,0,0.0175,0.0384
DO,2021,0.019,0.122,0.247,0.0472,0,0.509,0,0.0175,0.0384
DO,2022,0.019,0.122,0.247,0.0472,0,0.509,0,0.0175,0.0384
DO,2023,0.019,0.122,0.247,0.0472,0,0.509,0,0.0175,0.0384
DO,2024,0.019,0.122,0.247,0.0472,0,0.509,0,0.0175,0.0384
DZ,2019,0,0,0.985,0.0018,0,0.0047,0,0.0083,0.0001
DZ,2020,0,0,0.985,0.0018,0,0.0047,0,0.0083,0.0001
DZ,2021,0,0,0.985,0.0018,0,0.0047,0,0.0083,0.0001
DZ,2022,0,0,0.985,0.0018,0,0.0047,0,0.0083,0.0001
DZ,2023,0,0,0.985,0.0018,0,0.0047,0,0.0083,0.0001
DZ,2024,0,0,0.985,0.0018,0,0.0047,0,0.0083,0.0001
EC,2019,0.0142,0,0.0447,0.764,0,0.1743,0,0,0.0028
EC,2020,0.0147,0.0003,0.0416,0.777,0.0002,0.1625,0.0001,0.0002,0.0034
EC,2021,0.0124,0.0004,0.0411,0.7914,0.0003,0.151,0.0001,0.0004,0.0029
EC,2022,0.0115,0.0004,0.0374,0.7447,0.0002,0.202,0.0001,0.0007,0.003
EC,2023,0.0099,0.0013,0.0367,0.7137,0.0007,0.2266,0.0002,0.0021,0.0088
EC,2024,0.0007,0.0007,0.0298,0.7044,0.0004,0.2577,0.0001,0.0012,0.0051
EE,2019,0.0785,0.0468,0.0742,0.0488,0.0646,0.5625,0.003,0.0093,0.1123
EE,2020,0.0843,0.0666,0.1129,0.0825,0.0986,0.3604,0.003,0.031,0.1608
EE,2021,0.065,0.0466,0.079,0.0538,0.0676,0.5133,0.002,0.0489,0.1239
EE,2022,0.095,0.022,0.0357,0.0199,0.0268,0.625,0.0009,0.0731,0.1015
EE,2023,0.0748,0.0612,0.1004,0.0706,0.0822,0.3372,0.0027,0.1151,0.1556
EE,2024,0.0714,0.0499,0.0868,0.0724,0.0745,0.332,0.0024,0.1355,0.1751
EG,2019,0,0,0.8345,0.0716,0,0.0682,0,0.0256,0
EG,2020,0,0,0.8477,0.0819,0,0.0263,0,0.0441,0
EG,2021,0,0,0.8397,0.073,0,0.0402,0,0.0472,0
EG,2022,0,0,0.7464,0.0713,0,0.1352,0,0.0471,0
EG,2023,0,0,0.779,0.0862,0,0.0894,0,0.0454,0
EG,2024,0,0,0.7781,0.0948,0,0.0819,0,0.0452,0
ER,2019,0,0,0,0,0,0.9722,0,0.0278,0
ER,2020,0,0,0,0,0,0.9722,0,0.0278,0
ER,2021,0,0,0,0,0,0.9722,0,0.0278,0
ER,2022,0,0,0,0,0,0.9722,0,0.0278,0
ER,2023,0,0,0,0,0,0.9722,0,0.0278,0
ER,2024,0,0,0,0,0,0.9722,0,0.0278,0
ES,2019,0.0123,0.0485,0.3111,0.1099,0.2272,0.0205,0.0036,0.0578,0.209
ES,2020,0.0164,0.0245,0.2576,0.1421,0.2336,0.0191,0.0037,0.0827,0.2203
ES,2021,0.017,0.0227,0.2485,0.1332,0.2198,0.0173,0.0036,0.1023,0.2357
ES,2022,0.0154,0.0303,0.2944,0.0839,0.215,0.014,0.0032,0.1181,0.2257
ES,2023,0.0126,0.0161,0.2225,0.0992,0.222,0.011,0.0029,0.1646,0.249
ES,2024,0.0139,0.0111,0.1434,0.1643,0.2054,0.0097,0.0028,0.1887,0.2606
ET,2019,0.002,0,0,0.9555,0,0.0007,0,0.0013,0.0405
ET,2020,0.002,0,0,0.9555,0,0.0007,0,0.0013,0.0405
ET,2021,0.002,0,0,0.9555,0,0.0007,0,0.0013,0.0405
ET,2022,0.002,0,0,0.9555,0,0.0007,0,0.0013,0.0405
ET,2023,0.002,0,0,0.9555,0,0.0007,0,0.0013,0.0405
ET,2024,0.002,0,0,0.9555,0,0.0007,0,0.0013,0.0405
FI,2019,0.1447,0.0926,0.1047,0.1801,0.3171,0.0609,0.004,0.0089,0.0869
FI,2020,0.1258,0.0646,0.0958,0.2264,0.3159,0.0479,0.0038,0.0108,0.109
FI,2021,0.1401,0.0713,0.0929,0.2113,0.3034,0.0552,0.0029,0.0122,0.1106
FI,2022,0.1502,0.0707,0.0515,0.185,0.321,0.0569,0.0011,0.0118,0.1518
FI,2023,0.1293,0.0295,0.0162,0.1901,0.4098,0.0383,0.0002,0.0089,0.1777
FI,2024,0.1191,0.0294,0.0288,0.1979,0.3568,0.047,0.0005,0.015,0.2054
FJ,2019,0.0364,0,0,0.5182,0,0.4364,0,0.0091,0
FJ,2020,0.0364,0,0,0.5182,0,0.4364,0,0.0091,0
FJ,2021,0.0364,0,0,0.5182,0,0.4364,0,0.0091,0
FJ,2022,0.0364,0,0,0.5182,0,0.4364,0,0.0091,0
FJ,2023,0.0364,0,0,0.5182,0,0.4364,0,0.0091,0
FJ,2024,0.0364,0,0,0.5182,0,0.4364,0,0.0091,0
FK,2019,0,0,0,0,0,0.5,0,0,0.5
FK,2020,0,0,0,0,0,0.5,0,0,0.5
FK,2021,0,0,0,0,0,0.5,0,0,0.5
FK,2022,0,0,0,0,0,0.5,0,0,0.5
FK,2023,0,0,0,0,0,0.5,0,0,0.5
FK,2024,0,0,0,0,0,0.5,0,0,0.5
FO,2019,0,0,0,0.2632,0,0.6053,0,0,0.1316
FO,2020,0,0,0,0.2632,0,0.6053,0,0,0.1316
FO,2021,0,0,0,0.2632,0,0.6053,0,0,0.1316
FO,2022,0,0,0,0.2632,0,0.6053,0,0,0.1316
FO,2023,0,0,0,0.2632,0,0.6053,0,0,0.1316
FO,2024,0,0,0,0.2632,0,0.6053,0,0,0.1316
FR,2019,0.0058,0.0033,0.0736,0.1037,0.7229,0.0065,0,0.0213,0.0629
FR,2020,0.006,0.0035,0.072,0.1207,0.6866,0.0068,0,0.0257,0.0788
FR,2021,0.0062,0.0094,0.0675,0.1106,0.7031,0.0069,0,0.026,0.0702
FR,2022,0.0092,0.0141,0.106,0.1027,0.6301,0.0081,0.0003,0.0427,0.0869
FR,2023,0.0068,0.002,0.0603,0.1067,0.6717,0.0053,0,0.0449,0.1023
FR,2024,0.0059,0.0009,0.0376,0.136,0.6764,0.0058,0,0.0426,0.0949
GA,2019,0.0043,0.0571,0.4782,0.3814,0.0029,0.0684,0.0011,0.0024,0.0042
GA,2020,0.0043,0.0571,0.4782,0.3814,0.0029,0.0684,0.0011,0.0024,0.0042
GA,2021,0.0043,0.0571,0.4782,0.3814,0.0029,0.0684,0.0011,0.0024,0.0042
GA,2022,0.0043,0.0571,0.4782,0.3814,0.0029,0.0684,0.0011,0.0024,0.0042
GA,2023,0.0043,0.0571,0.4782,0.3814,0.0029,0.0684,0.0011,0.0024,0.0042
GA,2024,0.0043,0.0571,0.4782,0.3814,0.0029,0.0684,0.0011,0.0024,0.0042
GB,2019,0.0617,0.0328,0.4162,0.0246,0.1996,0.0042,0.0005,0.0427,0.2177
GB,2020,0.0678,0.026,0.3649,0.028,0.1882,0.0068,0.0004,0.0465,0.2715
GB,2021,0.0712,0.0316,0.409,0.0271,0.1761,0.0084,0.0006,0.0442,0.2318
GB,2022,0.0548,0.0197,0.4063,0.0157,0.1662,0.0096,0.0002,0.0457,0.2817
GB,2023,0.0536,0.0236,0.3523,0.028,0.1641,0.0116,0.0006,0.0521,0.314
GB,2024,0.0707,0.0275,0.2928,0.0416,0.1656,0.0138,0.0009,0.0632,0.3239
GD,2019,0,0,0,0,0,1,0,0,0
GD,2020,0,0,0,0,0,1,0,0,0
GD,2021,0,0,0,0,0,1,0,0,0
GD,2022,0,0,0,0,0,1,0,0,0
GD,2023,0,0,0,0,0,1,0,0,0
GD,2024,0,0,0,0,0,1,0,0,0
GE,2019,0.0019,0.0718,0.2287,0.6719,0.0065,0.0012,0.0007,0.0035,0.0138
GE,2020,0.002,0.0663,0.2405,0.6652,0.0059,0.0011,0.0005,0.0037,0.0147
GE,2021,0.0028,0.0825,0.1829,0.7006,0.0072,0.0013,0.0007,0.0055,0.0166
GE,2022,0.0022,0.0602,0.2365,0.6749,0.0056,0.0011,0.0005,0.0047,0.0142
GE,2023,0.0013,0.0341,0.249,0.6962,0.0032,0.0005,0.0003,0.0031,0.0124
GE,2024,0.0012,0.0352,0.1831,0.76,0.0031,0.0004,0.0003,0.0039,0.0127
GF,2019,0.0104,0,0,0.4271,0,0.5104,0,0.0521,0
GF,2020,0.0104,0,0,0.4271,0,0.5104,0,0.0521,0
GF,2021,0.0104,0,0,0.4271,0,0.5104,0,0.0521,0
GF,2022,0.0104,0,0,0.4271,0,0.5104,0,0.0521,0
GF,2023,0.0104,0,0,0.4271,0,0.5104,0,0.0521,0
GF,2024,0.0104,0,0,0.4271,0,0.5104,0,0.0521,0
GH,2019,0.0012,0,0.4156,0.4191,0,0.1613,0,0.0029,0
GH,2020,0.0012,0,0.4156,0.4191,0,0.1613,0,0.0029,0
GH,2021,0.0012,0,0.4156,0.4191,0,0.1613,0,0.0029,0
GH,2022,0.0012,0,0.4156,0.4191,0,0.1613,0,0.0029,0
GH,2023,0.0012,0,0.4156,0.4191,0,0.1613,0,0.0029,0
GH,2024,0.0012,0,0.4156,0.4191,0,0.1613,0,0.0029,0
GI,2019,0,0,0.3182,0,0,0.6818,0,0,0
GI,2020,0,0,0.3182,0,0,0.6818,0,0,0
GI,2021,0,0,0.3182,0,0,0.6818,0,0,0
GI,2022,0,0,0.3182,0,0,0.6818,0,0,0
GI,2023,0,0,0.3182,0,0,0.6818,0,0,0
GI,2024,0,0,0.3182,0,0,0.6818,0,0,0
GL,2019,0,0,0,0.7547,0,0.2453,0,0,0
GL,2020,0,0,0,0.7547,0,0.2453,0,0,0
GL,2021,0,0,0,0.7547,0,0.2453,0,0,0
GL,2022,0,0,0,0.7547,0,0.2453,0,0,0
GL,2023,0,0,0,0.7547,0,0.2453,0,0,0
GL,2024,0,0,0,0.7547,0,0.2453,0,0,0
GM,2019,0,0,0,0,0,1,0,0,0
GM,2020,0,0,0,0,0,1,0,0,0
GM,2021,0,0,0,0,0,1,0,0,0
GM,2022,0,0,0,0,0,1,0,0,0
GM,2023,0,0,0,0,0,1,0,0,0
GM,2024,0,0,0,0,0,1,0,0,0
GN,2019,0,0,0,0.6293,0,0.361,0,0.0098,0
GN,2020,0,0,0,0.6293,0,0.361,0,0.0098,0
GN,2021,0,0,0,0.6293,0,0.361,0,0.0098,0
GN,2022,0,0,0,0.6293,0,0.361,0,0.0098,0
GN,2023,0,0,0,0.6293,0,0.361,0,0.0098,0
GN,2024,0,0,0,0.6293,0,0.361,0,0.0098,0
GP,2019,0.0349,0.2267,0,0.0233,0,0.5581,0.064,0.0581,0.0349
GP,2020,0.0349,0.2267,0,0.0233,0,0.5581,0.064,0.0581,0.0349
GP,2021,0.0349,0.2267,0,0.0233,0,0.5581,0.064,0.0581,0.0349
GP,2022,0.0349,0.2267,0,0.0233,0,0.5581,0.064,0.0581,0.0349
GP,2023,0.0349,0.2267,0,0.0233,0,0.5581,0.064,0.0581,0.0349
GP,2024,0.0349,0.2267,0,0.0233,0,0.5581,0.064,0.0581,0.0349
GQ,2019,0,0,0.6714,0.3214,0,0.0071,0,0,0
GQ,2020,0,0,0.6714,0.3214,0,0.0071,0,0,0
GQ,2021,0,0,0.6714,0.3214,0,0.0071,0,0,0
GQ,2022,0,0,0.6714,0.3214,0,0.0071,0,0,0
GQ,2023,0,0,0.6714,0.3214,0,0.0071,0,0,0
GQ,2024,0,0,0.6714,0.3214,0,0.0071,0,0,0
GR,2019,0.0055,0.245,0.3952,0.0917,0.0452,0.0042,0.0012,0.0782,0.1337
GR,2020,0.0055,0.1502,0.4454,0.0859,0.0403,0.0038,0.0012,0.091,0.1767
GR,2021,0.0024,0.1223,0.4656,0.1067,0.0179,0.0017,0.0005,0.0935,0.1893
GR,2022,0.0028,0.1325,0.4242,0.0858,0.0186,0.0019,0.0006,0.1232,0.2103
GR,2023,0.0031,0.116,0.3656,0.0928,0.0221,0.0022,0.0007,0.1779,0.2195
GR,2024,0.001,0.0695,0.3974,0.0671,0.0067,0.0006,0.0002,0.2199,0.2376
GT,2019,0.2578,0.3034,0,0.3341,0,0.0396,0.0232,0.0172,0.0247
GT,2020,0.2578,0.3034,0,0.3341,0,0.0396,0.0232,0.0172,0.0247
GT,2021,0.2578,0.3034,0,0.3341,0,0.0396,0.0232,0.0172,0.0247
GT,2022,0.2578,0.3034,0,0.3341,0,0.0396,0.0232,0.0172,0.0247
GT,2023,0.2578,0.3034,0,0.3341,0,0.0396,0.0232,0.0172,0.0247
GT,2024,0.2578,0.3034,0,0.3341,0,0.0396,0.0232,0.0172,0.0247
GU,2019,0,0,0,0,0,0.9598,0,0.0402,0
GU,2020,0,0,0,0,0,0.9598,0,0.0402,0
GU,2021,0,0,0,0,0,0.9598,0,0.0402,0
GU,2022,0,0,0,0,0,0.9598,0,0.0402,0
GU,2023,0,0,0,0,0,0.9598,0,0.0402,0
GU,2024,0,0,0,0,0,0.9598,0,0.0402,0
GW,2019,0,0,0,0,0,1,0,0,0
GW,2020,0,0,0,0,0,1,0,0,0
GW,2021,0,0,0,0,0,1,0,0,0
GW,2022,0,0,0,0,0,1,0,0,0
GW,2023,0,0,0,0,0,1,0,0,0
GW,2024,0,0,0,0,0,1,0,0,0
GY,2019,0.0088,0,0,0,0,0.9737,0,0.0175,0
GY,2020,0.0088,0,0,0,0,0.9737,0,0.0175,0
GY,2021,0.0088,0,0,0,0,0.9737,0,0.0175,0
GY,2022,0.0088,0,0,0,0,0.9737,0,0.0175,0
GY,2023,0.0088,0,0,0,0,0.9737,0,0.0175,0
GY,2024,0.0088,0,0,0,0,0.9737,0,0.0175,0
HK,2019,0.0066,0.5738,0.3455,0.0347,0.0134,0.0062,0.0014,0.008,0.0103
HK,2020,0.0071,0.5714,0.3446,0.0354,0.0134,0.0059,0.0012,0.0095,0.0114
HK,2021,0.0076,0.5709,0.343,0.0327,0.0134,0.006,0.0012,0.0108,0.0143
HK,2022,0.0078,0.5682,0.3417,0.0325,0.0134,0.0062,0.0012,0.0132,0.0159
HK,2023,0.0079,0.5693,0.3404,0.0289,0.0134,0.0055,0.0012,0.0157,0.0176
HK,2024,0.0075,0.5668,0.3403,0.0259,0.0133,0.0052,0.0013,0.0194,0.0204
HN,2019,0.1288,0.0012,0.0055,0.2246,0.0005,0.4401,0.0266,0.0991,0.0736
HN,2020,0.1288,0.0009,0.0057,0.2249,0.0005,0.4394,0.0266,0.0992,0.0738
HN,2021,0.1288,0.0009,0.0062,0.224,0.0005,0.4394,0.0266,0.0994,0.074
HN,2022,0.1288,0.0007,0.0053,0.2248,0.0004,0.4395,0.0266,0.0996,0.0741
HN,2023,0.1288,0.0009,0.0053,0.2244,0.0005,0.4394,0.0265,0.1,0.0743
HN,2024,0.1288,0.0009,0.0049,0.2247,0.0005,0.4393,0.0265,0.1002,0.0741
HR,2019,0.0341,0.1433,0.214,0.3586,0.0804,0.0102,0.0283,0.0173,0.1137
HR,2020,0.0377,0.1105,0.2531,0.3435,0.0649,0.0086,0.0308,0.018,0.1329
HR,2021,0.0403,0.1126,0.2101,0.391,0.0551,0.0073,0.0284,0.0173,0.138
HR,2022,0.045,0.1286,0.2557,0.2986,0.0577,0.0072,0.0245,0.0218,0.161
HR,2023,0.0384,0.0895,0.228,0.4126,0.0297,0.009,0.0156,0.0168,0.1603
HR,2024,0.0438,0.0303,0.221,0.4183,0.0484,0.0116,0.0158,0.032,0.1788
HT,2019,0,0,0,0.1604,0,0.8396,0,0,0
HT,2020,0,0,0,0.1604,0,0.8396,0,0,0
HT,2021,0,0,0,0.1604,0,0.8396,0,0,0
HT,2022,0,0,0,0.1604,0,0.8396,0,0,0
HT,2023,0,0,0,0.1604,0,0.8396,0,0,0
HT,2024,0,0,0,0.1604,0,0.8396,0,0,0
HU,2019,0.0302,0.1404,0.2468,0.0533,0.4156,0.0257,0.0045,0.0406,0.0429
HU,2020,0.0312,0.1262,0.2517,0.0538,0.4039,0.0215,0.0045,0.0637,0.0436
HU,2021,0.0326,0.109,0.2586,0.0511,0.3879,0.0224,0.0044,0.0919,0.0423
HU,2022,0.0333,0.1097,0.2436,0.045,0.3833,0.0217,0.0044,0.1144,0.0445
HU,2023,0.024,0.0989,0.2095,0.0479,0.3906,0.0192,0.0027,0.1596,0.0474
HU,2024,0.0261,0.0897,0.1827,0.0502,0.3664,0.0184,0.0037,0.2133,0.0494
ID,2019,0.0411,0.5906,0.2104,0.072,0.0003,0.0357,0.0476,0.0006,0.0018
ID,2020,0.0411,0.5905,0.2104,0.072,0.0003,0.0356,0.0476,0.0006,0.0018
ID,2021,0.0411,0.5905,0.2103,0.0719,0.0003,0.0357,0.0476,0.0006,0.0019
ID,2022,0.0411,0.5904,0.2103,0.0719,0.0003,0.0357,0.0476,0.0007,0.0019
ID,2023,0.0411,0.5905,0.2103,0.0718,0.0003,0.0356,0.0476,0.0007,0.002
ID,2024,0.0411,0.5904,0.2103,0.0718,0.0003,0.0356,0.0476,0.0008,0.002
IE,2019,0.0089,0.0362,0.4793,0.0454,0.0257,0.0867,0.0007,0.0034,0.3138
IE,2020,0.0076,0.0381,0.4697,0.0466,0.0234,0.0607,0.0007,0.004,0.3492
IE,2021,0.0066,0.0992,0.4478,0.0397,0.022,0.0757,0.0006,0.0043,0.304
IE,2022,0.006,0.0869,0.4647,0.0325,0.0163,0.0582,0.0005,0.0042,0.3307
IE,2023,0.0069,0.054,0.4511,0.0486,0.0245,0.0359,0.0008,0.0188,0.3594
IE,2024,0.0078,0.042,0.4408,0.0594,0.0297,0.0418,0.001,0.0293,0.3481
IL,2019,0,0.3036,0.639,0,0,0.0117,0,0.0431,0.0026
IL,2020,0,0.3036,0.639,0,0,0.0117,0,0.0431,0.0026
IL,2021,0,0.3036,0.639,0,0,0.0117,0,0.0431,0.0026
IL,2022,0,0.3036,0.639,0,0,0.0117,0,0.0431,0.0026
IL,2023,0,0.3036,0.639,0,0,0.0117,0,0.0431,0.0026
IL,2024,0,0.3036,0.639,0,0,0.0117,0,0.0431,0.0026
IN,2019,0.0107,0.7243,0.0349,0.1175,0.0328,0.0001,0.0003,0.0335,0.046
IN,2020,0.0108,0.7054,0.039,0.1218,0.0333,0.0001,0.0009,0.0437,0.045
IN,2021,0.0104,0.7291,0.027,0.1092,0.0299,0.0001,0.0015,0.0464,0.0464
IN,2022,0.0103,0.7299,0.0159,0.1096,0.029,0.0001,0.0016,0.0597,0.044
IN,2023,0.0087,0.7419,0.0173,0.0874,0.0283,0.0002,0.0016,0.0665,0.0482
IN,2024,0.009,0.7648,0.0233,0.061,0.0272,0.0002,0.0016,0.075,0.0379
IQ,2019,0,0.0012,0.5817,0.0547,0.0004,0.3606,0,0.0012,0.0001
IQ,2020,0,0.0012,0.5817,0.0547,0.0004,0.3606,0,0.0012,0.0001
IQ,2021,0,0.0012,0.5817,0.0547,0.0004,0.3606,0,0.0012,0.0001
IQ,2022,0,0.0012,0.5817,0.0547,0.0004,0.3606,0,0.0012,0.0001
IQ,2023,0,0.0012,0.5817,0.0547,0.0004,0.3606,0,0.0012,0.0001
IQ,2024,0,0.0012,0.5817,0.0547,0.0004,0.3606,0,0.0012,0.0001
IR,2019,0,0,0.7887,0.1023,0,0.109,0,0,0
IR,2020,0,0,0.8023,0.0689,0,0.1289,0,0,0
IR,2021,0,0,0.8456,0.0412,0,0.1132,0,0,0
IR,2022,0,0,0.8307,0.0445,0,0.1248,0,0,0
IR,2023,0,0,0.8354,0.0596,0,0.105,0,0,0
IR,2024,0,0,0.7807,0.0579,0,0.1614,0,0,0
IS,2019,0,0,0,0.6885,0,0,0.311,0,0.0005
IS,2020,0,0,0,0.6885,0,0,0.311,0,0.0005
IS,2021,0,0,0,0.6885,0,0,0.311,0,0.0005
IS,2022,0,0,0,0.6885,0,0,0.311,0,0.0005
IS,2023,0,0,0,0.6885,0,0,0.311,0,0.0005
IS,2024,0,0,0,0.6885,0,0,0.311,0,0.0005
IT,2019,0.0612,0.0753,0.4796,0.1571,0.0279,0.0256,0.019,0.0787,0.0754
IT,2020,0.0655,0.0595,0.4675,0.1702,0.0241,0.0281,0.0202,0.0881,0.0768
IT,2021,0.0615,0.0646,0.4755,0.1583,0.0309,0.022,0.019,0.0865,0.0818
IT,2022,0.0573,0.0921,0.4822,0.1091,0.0277,0.0318,0.0189,0.0987,0.0823
IT,2023,0.0561,0.0668,0.423,0.1518,0.0346,0.0329,0.0193,0.1139,0.1016
IT,2024,0.059,0.0375,0.3656,0.2004,0.037,0.0332,0.0197,0.1341,0.1135
JM,2019,0.0151,0,0.2716,0.0345,0,0.6013,0,0.0194,0.0582
JM,2020,0.0151,0,0.2716,0.0345,0,0.6013,0,0.0194,0.0582
JM,2021,0.0151,0,0.2716,0.0345,0,0.6013,0,0.0194,0.0582
JM,2022,0.0151,0,0.2716,0.0345,0,0.6013,0,0.0194,0.0582
JM,2023,0.0151,0,0.2716,0.0345,0,0.6013,0,0.0194,0.0582
JM,2024,0.0151,0,0.2716,0.0345,0,0.6013,0,0.0194,0.0582
JO,2019,0,0.0001,0.8108,0.0012,0,0.0455,0,0.0997,0.0426
JO,2020,0,0.0001,0.8108,0.0012,0,0.0455,0,0.0997,0.0426
JO,2021,0,0.0001,0.8108,0.0012,0,0.0455,0,0.0997,0.0426
JO,2022,0,0.0001,0.8108,0.0012,0,0.0455,0,0.0997,0.0426
JO,2023,0,0.0001,0.8108,0.0012,0,0.0455,0,0.0997,0.0426
JO,2024,0,0.0001,0.8108,0.0012,0,0.0455,0,0.0997,0.0426
JP,2019,0.0239,0.3011,0.3835,0.0757,0.0694,0.0484,0.0093,0.0758,0.0129
JP,2020,0.0303,0.3023,0.3818,0.082,0.0467,0.0428,0.0096,0.0884,0.016
JP,2021,0.0391,0.3003,0.3419,0.0799,0.0646,0.0503,0.0096,0.0975,0.0169
JP,2022,0.046,0.3047,0.3324,0.0736,0.0542,0.0556,0.0096,0.1071,0.0169
JP,2023,0.0553,0.2887,0.3099,0.074,0.0828,0.0444,0.0099,0.1168,0.0183
JP,2024,0.0593,0.2777,0.3391,0.0705,0.0842,0.0342,0.0095,0.1039,0.0218
KE,2019,0.0121,0.0052,0.0071,0.2775,0.0003,0.1027,0.4506,0.0106,0.1339
KE,2020,0.0095,0.0031,0.0042,0.3664,0.0002,0.0573,0.4335,0.0104,0.1152
KE,2021,0.0138,0.0071,0.0096,0.3005,0.0004,0.0877,0.4058,0.0148,0.1602
KE,2022,0.0171,0.0068,0.0093,0.2372,0.0003,0.1073,0.4255,0.0297,0.1668
KE,2023,0.0145,0.02,0.0271,0.2109,0.001,0.087,0.4503,0.0375,0.1517
KE,2024,0.0093,0.0348,0.0473,0.2945,0.0018,0.0732,0.3913,0.0367,0.1112
KG,2019,0,0.0755,0.006,0.9158,0,0.0027,0,0,0
KG,2020,0,0.0755,0.006,0.9158,0,0.0027,0,0,0
KG,2021,0,0.0755,0.006,0.9158,0,0.0027,0,0,0
KG,2022,0,0.0755,0.006,0.9158,0,0.0027,0,0,0
KG,2023,0,0.0755,0.006,0.9158,0,0.0027,0,0,0
KG,2024,0,0.0755,0.006,0.9158,0,0.0027,0,0,0
KH,2019,0.0123,0.4811,0.0312,0.3745,0.0137,0.0573,0.0014,0.018,0.0106
KH,2020,0.0128,0.4786,0.0303,0.3752,0.0137,0.057,0.0012,0.0194,0.0117
KH,2021,0.0133,0.478,0.0286,0.3725,0.0138,0.0571,0.0012,0.0208,0.0147
KH,2022,0.0134,0.4753,0.0272,0.3723,0.0137,0.0572,0.0013,0.0232,0.0163
KH,2023,0.0135,0.4765,0.0259,0.3686,0.0138,0.0565,0.0013,0.0258,0.0181
KH,2024,0.0132,0.4739,0.0258,0.3655,0.0136,0.0562,0.0013,0.0296,0.0209
KI,2019,0,0,0,0,0,1,0,0,0
KI,2020,0,0,0,0,0,1,0,0,0
KI,2021,0,0,0,0,0,1,0,0,0
KI,2022,0,0,0,0,0,1,0,0,0
KI,2023,0,0,0,0,0,1,0,0,0
KI,2024,0,0,0,0,0,1,0,0,0
KM,2019,0,0,0,0,0,1,0,0,0
KM,2020,0,0,0,0,0,1,0,0,0
KM,2021,0,0,0,0,0,1,0,0,0
KM,2022,0,0,0,0,0,1,0,0,0
KM,2023,0,0,0,0,0,1,0,0,0
KM,2024,0,0,0,0,0,1,0,0,0
KN,2019,0,0,0,0,0,0.9565,0,0,0.0435
KN,2020,0,0,0,0,0,0.9565,0,0,0.0435
KN,2021,0,0,0,0,0,0.9565,0,0,0.0435
KN,2022,0,0,0,0,0,0.9565,0,0,0.0435
KN,2023,0,0,0,0,0,0.9565,0,0,0.0435
KN,2024,0,0,0,0,0,0.9565,0,0,0.0435
KP,2019,0,0.4977,0,0.4612,0,0.039,0,0.0021,0
KP,2020,0,0.4977,0,0.4612,0,0.039,0,0.0021,0
KP,2021,0,0.4977,0,0.4612,0,0.039,0,0.0021,0
KP,2022,0,0.4977,0,0.4612,0,0.039,0,0.0021,0
KP,2023,0,0.4977,0,0.4612,0,0.039,0,0.0021,0
KP,2024,0,0.4977,0,0.4612,0,0.039,0,0.0021,0
KR,2019,0.0139,0.4054,0.2567,0.0049,0.2621,0.0138,0.0174,0.0211,0.0048
KR,2020,0.012,0.3593,0.2669,0.0073,0.2933,0.0184,0.0072,0.0299,0.0057
KR,2021,0.0138,0.3464,0.2951,0.0054,0.2769,0.0099,0.0088,0.0382,0.0055
KR,2022,0.0194,0.3282,0.278,0.006,0.2991,0.0079,0.0097,0.0458,0.0057
KR,2023,0.0215,0.317,0.2703,0.0064,0.3094,0.0077,0.0115,0.0503,0.0058
KR,2024,0.0211,0.2705,0.2832,0.0084,0.3256,0.0087,0.0138,0.0619,0.0068
KW,2019,0,0,0.6215,0,0,0.3785,0,0,0
KW,2020,0,0,0.5834,0,0,0.4166,0,0,0
KW,2021,0,0,0.5833,0,0,0.4167,0,0,0
KW,2022,0,0,0.5833,0,0,0.4167,0,0,0
KW,2023,0,0,0.5834,0,0,0.4166,0,0,0
KW,2024,0,0,0.5834,0,0,0.4166,0,0,0
KY,2019,0,0,0,0,0,0.9722,0,0.0278,0
KY,2020,0,0,0,0,0,0.9722,0,0.0278,0
KY,2021,0,0,0,0,0,0.9722,0,0.0278,0
KY,2022,0,0,0,0,0,0.9722,0,0.0278,0
KY,2023,0,0,0,0,0,0.9722,0,0.0278,0
KY,2024,0,0,0,0,0,0.9722,0,0.0278,0
KZ,2019,0,0.6932,0.2018,0.0941,0,0.0004,0,0.0038,0.0067
KZ,2020,0,0.6728,0.2167,0.0883,0,0.0006,0,0.0115,0.0102
KZ,2021,0,0.6527,0.2352,0.0801,0,0.0021,0,0.0146,0.0154
KZ,2022,0,0.6741,0.2075,0.0814,0,0.0003,0,0.0155,0.0212
KZ,2023,0,0.6666,0.2052,0.0776,0,0.0005,0,0.0167,0.0336
KZ,2024,0,0.6549,0.2016,0.0872,0,0.0005,0,0.0157,0.04
LA,2019,0.0016,0.3652,0,0.6319,0,0,0,0.0013,0
LA,2020,0.0016,0.3652,0,0.6319,0,0,0,0.0013,0
LA,2021,0.0016,0.3652,0,0.6319,0,0,0,0.0013,0
LA,2022,0.0016,0.3652,0,0.6319,0,0,0,0.0013,0
LA,2023,0.0016,0.3652,0,0.6319,0,0,0,0.0013,0
LA,2024,0.0016,0.3652,0,0.6319,0,0,0,0.0013,0
LB,2019,0.0019,0.0001,0.003,0.0443,0,0.9447,0,0.0056,0.0005
LB,2020,0.0019,0.0001,0.003,0.0443,0,0.9447,0,0.0056,0.0005
LB,2021,0.0019,0.0001,0.003,0.0443,0,0.9447,0,0.0056,0.0005
LB,2022,0.0019,0.0001,0.003,0.0443,0,0.9447,0,0.0056,0.0005
LB,2023,0.0019,0.0001,0.003,0.0443,0,0.9447,0,0.0056,0.0005
LB,2024,0.0019,0.0001,0.003,0.0443,0,0.9447,0,0.0056,0.0005
LC,2019,0,0,0,0,0,1,0,0,0
LC,2020,0,0,0,0,0,1,0,0,0
LC,2021,0,0,0,0,0,1,0,0,0
LC,2022,0,0,0,0,0,1,0,0,0
LC,2023,0,0,0,0,0,1,0,0,0
LC,2024,0,0,0,0,0,1,0,0,0
LK,2019,0.0069,0.3354,0,0.3004,0,0.316,0,0.0194,0.0219
LK,2020,0.0069,0.3354,0,0.3004,0,0.316,0,0.0194,0.0219
LK,2021,0.0069,0.3354,0,0.3004,0,0.316,0,0.0194,0.0219
LK,2022,0.0069,0.3354,0,0.3004,0,0.316,0,0.0194,0.0219
LK,2023,0.0069,0.3354,0,0.3004,0,0.316,0,0.0194,0.0219
LK,2024,0.0069,0.3354,0,0.3004,0,0.316,0,0.0194,0.0219
LR,2019,0,0,0,0,0,1,0,0,0
LR,2020,0,0,0,0,0,1,0,0,0
LR,2021,0,0,0,0,0,1,0,0,0
LR,2022,0,0,0,0,0,1,0,0,0
LR,2023,0,0,0,0,0,1,0,0,0
LR,2024,0,0,0,0,0,1,0,0,0
LS,2019,0.0021,0.1577,0.2142,0.5646,0.0079,0.0321,0.0031,0.0068,0.0115
LS,2020,0.0021,0.1577,0.2142,0.5646,0.0079,0.0321,0.0031,0.0068,0.0115
LS,2021,0.0021,0.1577,0.2142,0.5646,0.0079,0.0321,0.0031,0.0068,0.0115
LS,2022,0.0021,0.1577,0.2142,0.5646,0.0079,0.0321,0.0031,0.0068,0.0115
LS,2023,0.0021,0.1577,0.2142,0.5646,0.0079,0.0321,0.0031,0.0068,0.0115
LS,2024,0.0021,0.1577,0.2142,0.5646,0.0079,0.0321,0.0031,0.0068,0.0115
LT,2019,0.0548,0.1275,0.2298,0.156,0.1733,0.0409,0.0047,0.0291,0.1839
LT,2020,0.0533,0.0996,0.2934,0.1416,0.1451,0.0375,0.0044,0.03,0.1953
LT,2021,0.0533,0.1132,0.2759,0.1489,0.1597,0.0362,0.0046,0.0366,0.1717
LT,2022,0.0516,0.12,0.2272,0.1433,0.1415,0.0464,0.0047,0.0635,0.2017
LT,2023,0.0386,0.0889,0.1965,0.1353,0.1198,0.057,0.0039,0.0881,0.2719
LT,2024,0.0319,0.0592,0.1611,0.1276,0.0894,0.0729,0.0029,0.1394,0.3156
LU,2019,0.0571,0.1335,0.2563,0.1486,0.1816,0.0402,0.0049,0.0499,0.128
LU,2020,0.0716,0.1152,0.2393,0.1523,0.1671,0.0383,0.0051,0.0573,0.1539
LU,2021,0.0794,0.1193,0.2394,0.1481,0.1689,0.0371,0.0049,0.0653,0.1376
LU,2022,0.0844,0.1275,0.2282,0.1307,0.1504,0.0376,0.005,0.0873,0.1489
LU,2023,0.055,0.1108,0.1999,0.1447,0.1501,0.0361,0.0049,0.0977,0.2007
LU,2024,0.058,0.0939,0.1796,0.1684,0.1437,0.0382,0.0047,0.1126,0.2008
LV,2019,0.0834,0.0274,0.4217,0.3041,0.0373,0.0863,0.001,0.0055,0.0333
LV,2020,0.0802,0.0347,0.3006,0.3948,0.05,0.0867,0.0015,0.0097,0.0417
LV,2021,0.0761,0.0412,0.3109,0.3885,0.0578,0.0711,0.0017,0.0122,0.0406
LV,2022,0.0582,0.0583,0.2518,0.4339,0.0682,0.0447,0.0023,0.0199,0.0627
LV,2023,0.0374,0.0396,0.2539,0.4973,0.0577,0.0243,0.0019,0.0229,0.065
LV,2024,0.0332,0.012,0.2418,0.623,0.0201,0.017,0.0007,0.015,0.0372
LY,2019,0.0001,0.0067,0.6657,0.0036,0.0003,0.3224,0.0001,0.0006,0.0005
LY,2020,0.0001,0.0067,0.6657,0.0036,0.0003,0.3224,0.0001,0.0006,0.0005
LY,2021,0.0001,0.0067,0.6657,0.0036,0.0003,0.3224,0.0001,0.0006,0.0005
LY,2022,0.0001,0.0067,0.6657,0.0036,0.0003,0.3224,0.0001,0.0006,0.0005
LY,2023,0.0001,0.0067,0.6657,0.0036,0.0003,0.3224,0.0001,0.0006,0.0005
LY,2024,0.0001,0.0067,0.6657,0.0036,0.0003,0.3224,0.0001,0.0006,0.0005
MA,2019,0,0.671,0.1007,0.0446,0,0.0188,0,0.0424,0.1225
MA,2020,0,0.695,0.0831,0.0374,0.0001,0.0174,0.0001,0.0419,0.125
MA,2021,0,0.6773,0.0833,0.0332,0.0001,0.0184,0,0.049,0.1388
MA,2022,0.0002,0.7069,0.0695,0.0237,0.0006,0.0248,0.0002,0.0382,0.1358
MA,2023,0.0002,0.6379,0.1049,0.0204,0.0007,0.0223,0.0003,0.0536,0.1598
MA,2024,0.0001,0.6537,0.1028,0.0169,0.0005,0.0229,0.0002,0.0456,0.1573
MD,2019,0.0076,0.0169,0.8668,0.0642,0.023,0.0021,0.0006,0.0031,0.0156
MD,2020,0.0008,0.004,0.9323,0.0524,0.0059,0.0005,0.0002,0.0006,0.0034
MD,2021,0.0008,0.0042,0.9286,0.0551,0.0063,0.0006,0.0002,0.0016,0.0026
MD,2022,0.0048,0.0277,0.8344,0.0718,0.0309,0.0033,0.001,0.0077,0.0183
MD,2023,0.0008,0.0045,0.9148,0.0628,0.0058,0.0006,0.0002,0.0011,0.0094
MD,2024,0.0011,0.0055,0.9095,0.0499,0.0078,0.0008,0.0002,0.0015,0.0238
ME,2019,0.0073,0.3522,0.0684,0.4066,0.0601,0.0055,0.0017,0.01,0.0883
ME,2020,0.0069,0.4026,0.0574,0.3625,0.0517,0.0048,0.0015,0.0084,0.1041
ME,2021,0.0042,0.3609,0.0352,0.4625,0.0317,0.0029,0.0009,0.0086,0.093
ME,2022,0.0008,0.4679,0.0079,0.4114,0.0058,0.0006,0.0002,0.0013,0.1041
ME,2023,0.0008,0.3959,0.0073,0.4976,0.006,0.0006,0.0002,0.0028,0.0889
ME,2024,0.0028,0.3086,0.0199,0.5314,0.0196,0.0018,0.0006,0.0115,0.1039
MG,2019,0.0183,0.0505,0,0.4083,0,0.5092,0,0.0138,0
MG,2020,0.0183,0.0505,0,0.4083,0,0.5092,0,0.0138,0
MG,2021,0.0183,0.0505,0,0.4083,0,0.5092,0,0.0138,0
