country,year,Bioenergy,Coal,Gas,Hydro,Nuclear,Other Fossil,Other Renewables,Solar,Wind
AE,2019,0,0,0.9736,0,0,0,0,0.0264,0
AE,2020,0,0,0.9736,0,0,0,0,0.0264,0
AE,2021,0,0,0.9736,0,0,0,0,0.0264,0
AE,2022,0,0,0.9736,0,0,0,0,0.0264,0
AE,2023,0,0,0.9736,0,0,0,0,0.0264,0
AE,2024,0,0,0.9736,0,0,0,0,0.0264,0
AF,2019,0.0124,0.4806,0.0988,0.2541,0.0439,0.0384,0.0045,0.0335,0.0338
AF,2020,0.0139,0.4727,0.0959,0.2565,0.0439,0.0375,0.0039,0.0382,0.0374
AF,2021,0.0145,0.4731,0.09,0.2469,0.044,0.038,0.0038,0.0427,0.047
AF,2022,0.015,0.4643,0.0854,0.2467,0.0439,0.0385,0.0038,0.0503,0.0522
AF,2023,0.0165,0.4668,0.0816,0.2349,0.0443,0.0361,0.0038,0.0591,0.0568
AF,2024,0.0181,0.4929,0.0818,0.212,0.0437,0.0356,0.0039,0.0495,0.0626
AG,2019,0,0,0,0,0,0.9706,0,0.0294,0
AG,2020,0,0,0,0,0,0.9706,0,0.0294,0
AG,2021,0,0,0,0,0,0.9706,0,0.0294,0
AG,2022,0,0,0,0,0,0.9706,0,0.0294,0
AG,2023,0,0,0,0,0,0.9706,0,0.0294,0
AG,2024,0,0,0,0,0,0.9706,0,0.0294,0
AL,2019,0.0088,0.0533,0.0824,0.7325,0.0724,0.0067,0.002,0.0125,0.0293
AL,2020,0.0093,0.0471,0.0802,0.7374,0.0687,0.0066,0.0021,0.0149,0.0337
AL,2021,0.0096,0.0491,0.082,0.7337,0.0698,0.0065,0.002,0.0154,0.0318
AL,2022,0.0097,0.0528,0.0825,0.7288,0.0624,0.0066,0.0021,0.0187,0.0363
AL,2023,0.009,0.0454,0.077,0.7343,0.0636,0.0061,0.0021,0.022,0.0406
AL,2024,0.0087,0.0444,0.0796,0.7357,0.0636,0.0062,0.0018,0.0098,0.0502
AM,2019,0,0,0.3918,0.3219,0.2781,0,0,0.0082,0
AM,2020,0,0,0.3918,0.3219,0.2781,0,0,0.0082,0
AM,2021,0,0,0.3918,0.3219,0.2781,0,0,0.0082,0
AM,2022,0,0,0.3918,0.3219,0.2781,0,0,0.0082,0
AM,2023,0,0,0.3918,0.3219,0.2781,0,0,0.0082,0
AM,2024,0,0,0.3918,0.3219,0.2781,0,0,0.0082,0
AO,2019,0.0084,0,0.1195,0.7058,0,0.1649,0,0.0013,0
AO,2020,0.0084,0,0.1195,0.7058,0,0.1649,0,0.0013,0
AO,2021,0.0084,0,0.1195,0.7058,0,0.1649,0,0.0013,0
AO,2022,0.0084,0,0.1195,0.7058,0,0.1649,0,0.0013,0
AO,2023,0.0084,0,0.1195,0.7058,0,0.1649,0,0.0013,0
AO,2024,0.0084,0,0.1195,0.7058,0,0.1649,0,0.0013,0
AR,2019,0.0044,0.0091,0.5815,0.2843,0.0597,0.0161,0.0001,0.0063,0.0384
AR,2020,0.0055,0.0135,0.5826,0.2285,0.0746,0.0152,0,0.01,0.07
AR,2021,0.0078,0.0204,0.5984,0.1784,0.0717,0.0164,0,0.0155,0.0913
AR,2022,0.0085,0.0207,0.5391,0.2361,0.0523,0.0194,0.0002,0.022,0.1014
AR,2023,0.0082,0.0116,0.4805,0.2945,0.0616,0.0174,0.0002,0.0242,0.1018
AR,2024,0.0081,0.0065,0.4074,0.35,0.0878,0.0098,0,0.0301,0.1001
AS,2019,0,0,0,0,0,1,0,0,0
AS,2020,0,0,0,0,0,1,0,0,0
AS,2021,0,0,0,0,0,1,0,0,0
AS,2022,0,0,0,0,0,1,0,0,0
AS,2023,0,0,0,0,0,1,0,0,0
AS,2024,0,0,0,0,0,1,0,0,0
AT,2019,0.0338,0.0319,0.1698,0.5938,0.018,0.0172,0.0005,0.0114,0.1236
AT,2020,0.0283,0.0157,0.1574,0.633,0.0148,0.0178,0.0004,0.0136,0.119
AT,2021,0.0259,0.0227,0.1786,0.588,0.0309,0.0187,0.0009,0.0161,0.1183
AT,2022,0.0421,0.0248,0.1902,0.5493,0.0284,0.019,0.0009,0.0208,0.1245
AT,2023,0.0242,0.0103,0.119,0.636,0.013,0.0181,0.0004,0.0386,0.1404
AT,2024,0.0195,0,0.1867,0.5731,0,0.0146,0,0.0195,0.1867
AU,2019,0.0017,0.6579,0.1156,0.061,0,0,0,0.079,0.0849
AU,2020,0.0013,0.6337,0.1011,0.0644,0,0,0,0.0997,0.0998
AU,2021,0.0012,0.6054,0.0791,0.0705,0,0.0004,0,0.1257,0.1177
AU,2022,0.001,0.5588,0.0914,0.0727,0,0.0003,0,0.1469,0.1288
AU,2023,0.0015,0.5407,0.0756,0.0664,0,0.0001,0,0.1811,0.1345
AU,2024,0.001,0.5427,0.0613,0.0439,0,0.001,0,0.225,0.1251
AW,2019,0,0,0,0,0,0.837,0,0.0109,0.1522
AW,2020,0,0,0,0,0,0.837,0,0.0109,0.1522
AW,2021,0,0,0,0,0,0.837,0,0.0109,0.1522
AW,2022,0,0,0,0,0,0.837,0,0.0109,0.1522
AW,2023,0,0,0,0,0,0.837,0,0.0109,0.1522
AW,2024,0,0,0,0,0,0.837,0,0.0109,0.1522
AZ,2019,0,0,0.9293,0.063,0,0.002,0,0.0016,0.0041
AZ,2020,0,0,0.9293,0.063,0,0.002,0,0.0016,0.0041
AZ,2021,0,0,0.9293,0.063,0,0.002,0,0.0016,0.0041
AZ,2022,0,0,0.9293,0.063,0,0.002,0,0.0016,0.0041
AZ,2023,0,0,0.9293,0.063,0,0.002,0,0.0016,0.0041
AZ,2024,0,0,0.9293,0.063,0,0.002,0,0.0016,0.0041
BA,2019,0,0.6171,0,0.3719,0,0,0,0,0.011
BA,2020,0,0.7117,0,0.2781,0,0,0,0,0.0102
BA,2021,0,0.6372,0,0.3439,0,0,0,0.0007,0.0182
BA,2022,0,0.6947,0,0.2788,0,0,0,0.006,0.0205
BA,2023,0,0.6121,0,0.3659,0,0,0,0.0106,0.0114
BA,2024,0,0.6029,0,0.375,0,0,0,0.0074,0.0147
BB,2019,0,0,0,0,0,0.9608,0,0.0392,0
BB,2020,0,0,0,0,0,0.9608,0,0.0392,0
BB,2021,0,0,0,0,0,0.9608,0,0.0392,0
BB,2022,0,0,0,0,0,0.9608,0,0.0392,0
BB,2023,0,0,0,0,0,0.9608,0,0.0392,0
BB,2024,0,0,0,0,0,0.9608,0,0.0392,0
BD,2019,0.0014,0.0845,0.7007,0.0251,0.0052,0.1744,0.0005,0.004,0.004
BD,2020,0.0015,0.1166,0.6591,0.0234,0.0049,0.1859,0.0004,0.0042,0.0041
BD,2021,0.0015,0.1123,0.6111,0.0196,0.0046,0.239,0.0004,0.0065,0.0049
BD,2022,0.0017,0.1405,0.5192,0.0208,0.0049,0.297,0.0004,0.0095,0.0059
BD,2023,0.002,0.181,0.5886,0.0202,0.0053,0.1822,0.0005,0.0135,0.0068
BD,2024,0.0027,0.2178,0.6485,0.023,0.0065,0.0793,0.0006,0.0123,0.0093
BE,2019,0.0273,0.0043,0.2705,0.0053,0.4692,0.0876,0.0001,0.0398,0.0959
BE,2020,0.0289,0.0027,0.289,0.005,0.3959,0.0897,0.0001,0.0515,0.1372
BE,2021,0.0237,0.0008,0.2064,0.0032,0.515,0.0812,0,0.0501,0.1195
BE,2022,0.0219,0.0001,0.2241,0.001,0.469,0.0848,0,0.0727,0.1265
BE,2023,0.013,0.0075,0.1997,0.0111,0.3947,0.0985,0.0004,0.0924,0.1828
BE,2024,0.0078,0.0115,0.2044,0.0146,0.4212,0.0729,0.0005,0.0334,0.2339
BF,2019,0.0016,0.114,0.1546,0.1027,0.0064,0.5675,0.0024,0.042,0.0087
BF,2020,0.0016,0.114,0.1546,0.1027,0.0064,0.5675,0.0024,0.042,0.0087
BF,2021,0.0016,0.114,0.1546,0.1027,0.0064,0.5675,0.0024,0.042,0.0087
BF,2022,0.0016,0.114,0.1546,0.1027,0.0064,0.5675,0.0024,0.042,0.0087
BF,2023,0.0016,0.114,0.1546,0.1027,0.0064,0.5675,0.0024,0.042,0.0087
BF,2024,0.0016,0.114,0.1546,0.1027,0.0064,0.5675,0.0024,0.042,0.0087
BG,2019,0.0053,0.437,0.0509,0.067,0.3806,0,0,0.0304,0.0289
BG,2020,0.0061,0.3794,0.0562,0.0731,0.414,0.0001,0,0.0352,0.0359
BG,2021,0.005,0.4131,0.0598,0.1069,0.3547,0,0,0.0306,0.0299
BG,2022,0.0048,0.4779,0.0534,0.0751,0.3279,0,0,0.0328,0.028
BG,2023,0.0047,0.3404,0.0558,0.0784,0.4047,0.0001,0,0.0773,0.0386
BG,2024,0.0046,0.3208,0.0869,0.0662,0.4105,0.0015,0.0004,0.0493,0.0597
BH,2019,0,0.0001,0.977,0.0002,0,0.0223,0,0.0003,0
BH,2020,0,0.0001,0.977,0.0002,0,0.0223,0,0.0003,0
BH,2021,0,0.0001,0.977,0.0002,0,0.0223,0,0.0003,0
BH,2022,0,0.0001,0.977,0.0002,0,0.0223,0,0.0003,0
BH,2023,0,0.0001,0.977,0.0002,0,0.0223,0,0.0003,0
BH,2024,0,0.0001,0.977,0.0002,0,0.0223,0,0.0003,0
BI,2019,0,0,0,0.52,0,0.48,0,0,0
BI,2020,0,0,0,0.6923,0,0.3077,0,0,0
BI,2021,0,0,0,0.4783,0,0.5217,0,0,0
BI,2022,0,0,0,0.5217,0,0.4783,0,0,0
BI,2023,0,0,0,1,0,0,0,0,0
BI,2024,0,0,0,1,0,0,0,0,0
BJ,2019,0.0035,0.2482,0.3368,0.1384,0.0139,0.213,0.0053,0.0219,0.0189
BJ,2020,0.0035,0.2482,0.3368,0.1384,0.0139,0.213,0.0053,0.0219,0.0189
BJ,2021,0.0035,0.2482,0.3368,0.1384,0.0139,0.213,0.0053,0.0219,0.0189
BJ,2022,0.0035,0.2482,0.3368,0.1384,0.0139,0.213,0.0053,0.0219,0.0189
BJ,2023,0.0035,0.2482,0.3368,0.1384,0.0139,0.213,0.0053,0.0219,0.0189
BJ,2024,0.0035,0.2482,0.3368,0.1384,0.0139,0.213,0.0053,0.0219,0.0189
BM,2019,0.044,0.0616,0.2689,0.4424,0.0211,0.0814,0.006,0.0159,0.0587
BM,2020,0.044,0.0616,0.2689,0.4424,0.0211,0.0814,0.006,0.0159,0.0587
BM,2021,0.044,0.0616,0.2689,0.4424,0.0211,0.0814,0.006,0.0159,0.0587
BM,2022,0.044,0.0616,0.2689,0.4424,0.0211,0.0814,0.006,0.0159,0.0587
BM,2023,0.044,0.0616,0.2689,0.4424,0.0211,0.0814,0.006,0.0159,0.0587
BM,2024,0.044,0.0616,0.2689,0.4424,0.0211,0.0814,0.006,0.0159,0.0587
BN,2019,0,0,0.9892,0,0,0.0108,0,0,0
BN,2020,0,0,0.9892,0,0,0.0108,0,0,0
BN,2021,0,0,0.9892,0,0,0.0108,0,0,0
BN,2022,0,0,0.9892,0,0,0.0108,0,0,0
BN,2023,0,0,0.9892,0,0,0.0108,0,0,0
BN,2024,0,0,0.9892,0,0,0.0108,0,0,0
BO,2019,0.0158,0,0.6193,0.3407,0,0,0,0.0168,0.0074
BO,2020,0.0141,0,0.6334,0.32,0,0,0,0.026,0.0065
BO,2021,0.0181,0,0.6125,0.3243,0,0,0,0.0341,0.011
BO,2022,0.0122,0,0.641,0.2697,0,0,0,0.0338,0.0432
BO,2023,0.0097,0,0.7083,0.2066,0,0,0,0.0319,0.0434
BO,2024,0,0,0.6058,0.3173,0,0,0,0.0288,0.0481
BR,2019,0.0165,0.0246,0.0795,0.7221,0.0285,0.023,0,0.0116,0.0942
BR,2020,0.0179,0.0194,0.0741,0.7232,0.0251,0.0247,0,0.019,0.0964
BR,2021,0.0135,0.0273,0.1339,0.6177,0.0244,0.0377,0,0.0278,0.1178
BR,2022,0.0128,0.0111,0.0621,0.7045,0.0234,0.0155,0,0.0426,0.128
BR,2023,0.0135,0.0116,0.0525,0.6701,0.022,0.0123,0,0.076,0.142
BR,2024,0.0051,0.0103,0.0457,0.7071,0.0245,0.0166,0,0.0978,0.093
BS,2019,0,0,0,0,0,1,0,0,0
BS,2020,0,0,0,0,0,1,0,0,0
BS,2021,0,0,0,0,0,1,0,0,0
BS,2022,0,0,0,0,0,1,0,0,0
BS,2023,0,0,0,0,0,1,0,0,0
BS,2024,0,0,0,0,0,1,0,0,0
BT,2019,0,0,0,1,0,0,0,0,0
BT,2020,0,0,0,1,0,0,0,0,0
BT,2021,0,0,0,1,0,0,0,0,0
BT,2022,0,0,0,1,0,0,0,0,0
BT,2023,0,0,0,1,0,0,0,0,0
BT,2024,0,0,0,1,0,0,0,0,0
BW,2019,0.0015,0.6266,0.145,0.0596,0.006,0.1426,0.0023,0.0082,0.0081
BW,2020,0.0015,0.6266,0.145,0.0596,0.006,0.1426,0.0023,0.0082,0.0081
BW,2021,0.0015,0.6266,0.145,0.0596,0.006,0.1426,0.0023,0.0082,0.0081
BW,2022,0.0015,0.6266,0.145,0.0596,0.006,0.1426,0.0023,0.0082,0.0081
BW,2023,0.0015,0.6266,0.145,0.0596,0.006,0.1426,0.0023,0.0082,0.0081
BW,2024,0.0015,0.6266,0.145,0.0596,0.006,0.1426,0.0023,0.0082,0.0081
BY,2019,0.0074,0.0008,0.9676,0.009,0,0.0056,0,0.0048,0.0048
BY,2020,0.0074,0.0008,0.9676,0.009,0,0.0056,0,0.0048,0.0048
BY,2021,0.0074,0.0008,0.9676,0.009,0,0.0056,0,0.0048,0.0048
BY,2022,0.0074,0.0008,0.9676,0.009,0,0.0056,0,0.0048,0.0048
BY,2023,0.0074,0.0008,0.9676,0.009,0,0.0056,0,0.0048,0.0048
BY,2024,0.0074,0.0008,0.9676,0.009,0,0.0056,0,0.0048,0.0048
BZ,2019,0.13,0.0165,0.0757,0.3825,0.0068,0.3553,0.0019,0.0132,0.018
BZ,2020,0.1303,0.0128,0.0794,0.3853,0.007,0.3473,0.0019,0.0157,0.0203
BZ,2021,0.1299,0.0123,0.0866,0.3733,0.0069,0.3474,0.0017,0.018,0.0238
BZ,2022,0.1297,0.0096,0.0732,0.3863,0.006,0.3478,0.0017,0.0204,0.0252
BZ,2023,0.1298,0.011,0.0713,0.3808,0.0063,0.3463,0.0016,0.0254,0.0274
BZ,2024,0.1296,0.0094,0.0621,0.3872,0.0073,0.345,0.0014,0.0295,0.0284
CA,2019,0.0176,0.0692,0.1095,0.5899,0.1487,0.0095,0.0003,0.0038,0.0514
CA,2020,0.0163,0.0642,0.1016,0.6022,0.1455,0.0088,0.0002,0.004,0.0572
CA,2021,0.0158,0.0538,0.1207,0.6008,0.1389,0.0076,0.0003,0.0043,0.0578
CA,2022,0.0152,0.0588,0.1102,0.6132,0.1282,0.0078,0.0002,0.0049,0.0614
CA,2023,0.0165,0.0561,0.126,0.5808,0.1411,0.0079,0.0002,0.0081,0.0633
CA,2024,0.0173,0.059,0.1324,0.5444,0.153,0.0082,0.0002,0.0059,0.0795
CD,2019,0.0001,0.0037,0.005,0.986,0.0002,0.0036,0.0001,0.0011,0.0003
CD,2020,0.0001,0.0037,0.005,0.986,0.0002,0.0036,0.0001,0.0011,0.0003
CD,2021,0.0001,0.0037,0.005,0.986,0.0002,0.0036,0.0001,0.0011,0.0003
CD,2022,0.0001,0.0037,0.005,0.986,0.0002,0.0036,0.0001,0.0011,0.0003
CD,2023,0.0001,0.0037,0.005,0.986,0.0002,0.0036,0.0001,0.0011,0.0003
CD,2024,0.0001,0.0037,0.005,0.986,0.0002,0.0036,0.0001,0.0011,0.0003
CF,2019,0,0,0,1,0,0,0,0,0
CF,2020,0,0,0,1,0,0,0,0,0
CF,2021,0,0,0,1,0,0,0,0,0
CF,2022,0,0,0,1,0,0,0,0,0
CF,2023,0,0,0,1,0,0,0,0,0
CF,2024,0,0,0,1,0,0,0,0,0
CG,2019,0.0246,0,0.6202,0.2322,0,0.123,0,0,0
CG,2020,0.0246,0,0.6202,0.2322,0,0.123,0,0,0
CG,2021,0.0246,0,0.6202,0.2322,0,0.123,0,0,0
CG,2022,0.0246,0,0.6202,0.2322,0,0.123,0,0,0
CG,2023,0.0246,0,0.6202,0.2322,0,0.123,0,0,0
CG,2024,0.0246,0,0.6202,0.2322,0,0.123,0,0,0
CH,2019,0.0013,0.0081,0.0119,0.5406,0.3555,0.0502,0.0003,0.0256,0.0065
CH,2020,0.0011,0.006,0.0101,0.566,0.3302,0.0514,0.0002,0.0283,0.0066
CH,2021,0.0032,0.017,0.028,0.564,0.2895,0.0537,0.0006,0.0307,0.0132
CH,2022,0.0028,0.016,0.0248,0.4872,0.3539,0.0545,0.0006,0.0458,0.0142
CH,2023,0.001,0.0055,0.0089,0.5522,0.3243,0.0499,0.0002,0.0513,0.0067
CH,2024,0,0.0002,0.0004,0.5918,0.3357,0.0489,0,0.0214,0.0017
CI,2019,0,0,0.3942,0.3443,0,0.2605,0,0.001,0
CI,2020,0,0,0.3942,0.3443,0,0.2605,0,0.001,0
CI,2021,0,0,0.3942,0.3443,0,0.2605,0,0.001,0
CI,2022,0,0,0.3942,0.3443,0,0.2605,0,0.001,0
CI,2023,0,0,0.3942,0.3443,0,0.2605,0,0.001,0
CI,2024,0,0,0.3942,0.3443,0,0.2605,0,0.001,0
CK,2019,0,0,0,0,0,0.75,0,0.25,0
CK,2020,0,0,0,0,0,0.75,0,0.25,0
CK,2021,0,0,0,0,0,0.75,0,0.25,0
CK,2022,0,0,0,0,0,0.75,0,0.25,0
CK,2023,0,0,0,0,0,0.75,0,0.25,0
CK,2024,0,0,0,0,0,0.75,0,0.25,0
CL,2019,0.0235,0.3668,0.1827,0.2691,0,0.0106,0.0028,0.0825,0.062
CL,2020,0.0243,0.3472,0.1764,0.2654,0,0.0139,0.0032,0.0982,0.0714
CL,2021,0.0248,0.3393,0.1774,0.2023,0,0.0309,0.0042,0.1323,0.0889
CL,2022,0.0231,0.2304,0.1908,0.244,0,0.025,0.0056,0.1746,0.1065
CL,2023,0.0234,0.167,0.1851,0.2861,0,0.0154,0.0052,0.1992,0.1187
CL,2024,0.0245,0.1308,0.1158,0.3351,0,0.0095,0.0054,0.2575,0.1213
CM,2019,0,0.0007,0.001,0.6384,0,0.3574,0,0.0024,0.0001
CM,2020,0,0.0007,0.001,0.6384,0,0.3574,0,0.0024,0.0001
CM,2021,0,0.0007,0.001,0.6384,0,0.3574,0,0.0024,0.0001
CM,2022,0,0.0007,0.001,0.6384,0,0.3574,0,0.0024,0.0001
CM,2023,0,0.0007,0.001,0.6384,0,0.3574,0,0.0024,0.0001
CM,2024,0,0.0007,0.001,0.6384,0,0.3574,0,0.0024,0.0001
CN,2019,0.0151,0.662,0.0289,0.1579,0.0475,0.0028,0,0.0306,0.0553
CN,2020,0.0174,0.6464,0.0308,0.1593,0.0481,0.0026,0,0.0343,0.0612
CN,2021,0.0172,0.6412,0.0306,0.1423,0.0487,0.0026,0,0.0391,0.0783
CN,2022,0.0169,0.6263,0.0299,0.1394,0.0481,0.0025,0,0.0492,0.0878
CN,2023,0.0187,0.6207,0.0307,0.1241,0.0467,0.0021,0,0.0636,0.0934
CN,2024,0.0198,0.6568,0.0325,0.0904,0.0441,0.0022,0,0.0512,0.103
CO,2019,0.0013,0.1063,0.0856,0.7981,0,0.0059,0,0.0016,0.0012
CO,2020,0.0022,0.1328,0.0774,0.7715,0,0.013,0,0.0031,0
CO,2021,0,0.06,0.0733,0.8542,0,0.0071,0,0.0047,0.0008
CO,2022,0,0.0466,0.0766,0.8641,0,0.0051,0,0.0067,0.0009
CO,2023,0,0.0979,0.082,0.7971,0,0.0064,0,0.0134,0.0031
CO,2024,0,0.1219,0.0972,0.7562,0,0.0062,0,0.0154,0.0031
CR,2019,0.0063,0.0014,0.0061,0.6883,0.0005,0.0106,0.1311,0.0004,0.1553
CR,2020,0.0054,0.0004,0.0025,0.7191,0.0003,0.0025,0.141,0.0003,0.1284
CR,2021,0.0066,0,0,0.7377,0,0,0.1286,0,0.1271
CR,2022,0.0059,0,0.0002,0.7409,0,0.0078,0.1327,0,0.1124
CR,2023,0.0044,0.0012,0.0073,0.6906,0.0007,0.0513,0.1206,0.0017,0.1222
CR,2024,0.0097,0.0015,0.0096,0.5184,0.0011,0.162,0.1123,0.0033,0.182
CU,2019,0.0251,0,0.1173,0.0072,0,0.8377,0,0.0118,0.001
CU,2020,0.0251,0,0.1173,0.0072,0,0.8377,0,0.0118,0.001
CU,2021,0.0251,0,0.1173,0.0072,0,0.8377,0,0.0118,0.001
CU,2022,0.0251,0,0.1173,0.0072,0,0.8377,0,0.0118,0.001
CU,2023,0.0251,0,0.1173,0.0072,0,0.8377,0,0.0118,0.001
CU,2024,0.0251,0,0.1173,0.0072,0,0.8377,0,0.0118,0.001
CV,2019,0,0,0,0,0,0.8261,0,0.0217,0.1522
CV,2020,0,0,0,0,0,0.8261,0,0.0217,0.1522
CV,2021,0,0,0,0,0,0.8261,0,0.0217,0.1522
CV,2022,0,0,0,0,0,0.8261,0,0.0217,0.1522
CV,2023,0,0,0,0,0,0.8261,0,0.0217,0.1522
CV,2024,0,0,0,0,0,0.8261,0,0.0217,0.1522
CY,2019,0,0,0,0,0,0.9072,0,0.0433,0.0495
CY,2020,0,0,0,0,0,0.8777,0,0.0687,0.0536
CY,2021,0,0,0,0,0,0.8495,0,0.0969,0.0536
CY,2022,0,0,0,0,0,0.8317,0,0.1222,0.0461
CY,2023,0,0,0,0,0,0.7957,0,0.1654,0.0389
CY,2024,0,0,0,0,0,0.7949,0,0.1795,0.0256
CZ,2019,0.0247,0.4236,0.0672,0.0243,0.3588,0.0342,0.0296,0.0288,0.0088
CZ,2020,0.031,0.376,0.0725,0.0276,0.3779,0.0446,0.032,0.0289,0.0096
CZ,2021,0.0324,0.387,0.0782,0.0319,0.3718,0.0318,0.0304,0.0286,0.0078
CZ,2022,0.0311,0.4237,0.0678,0.0264,0.3757,0.0059,0.0304,0.0305,0.0086
CZ,2023,0.0317,0.3792,0.0473,0.0334,0.4073,0.0169,0.0336,0.0402,0.0105
CZ,2024,0.0294,0.3691,0.0632,0.0603,0.4029,0.0118,0.0309,0.0176,0.0147
DE,2019,0.0739,0.2752,0.1497,0.0356,0.1248,0.0462,0,0.0799,0.2147
DE,2020,0.079,0.2266,0.1701,0.0355,0.1136,0.0464,0,0.0917,0.2371
DE,2021,0.075,0.2724,0.1581,0.0362,0.1189,0.0465,0,0.0908,0.2021
DE,2022,0.081,0.3059,0.1403,0.0322,0.0603,0.0467,0,0.1107,0.2229
DE,2023,0.087,0.2387,0.1595,0.0483,0.0215,0.0413,0.0003,0.1247,0.2786
DE,2024,0.0832,0.23,0.1856,0.0401,0,0.044,0,0.0346,0.3825
DJ,2019,0.0038,0.2639,0.3581,0.1471,0.0147,0.1716,0.0057,0.015,0.0201
DJ,2020,0.0038,0.2639,0.3581,0.1471,0.0147,0.1716,0.0057,0.015,0.0201
DJ,2021,0.0038,0.2639,0.3581,0.1471,0.0147,0.1716,0.0057,0.015,0.0201
DJ,2022,0.0038,0.2639,0.3581,0.1471,0.0147,0.1716,0.0057,0.015,0.0201
DJ,2023,0.0038,0.2639,0.3581,0.1471,0.0147,0.1716,0.0057,0.015,0.0201
DJ,2024,0.0038,0.2639,0.3581,0.1471,0.0147,0.1716,0.0057,0.015,0.0201
DK,2019,0.1107,0.1379,0.1218,0.0315,0.0409,0.0489,0.0011,0.0355,0.4716
DK,2020,0.0921,0.14,0.1055,0.0396,0.0451,0.0478,0.0014,0.0456,0.4829
DK,2021,0.1338,0.175,0.1023,0.0234,0.0286,0.0507,0.0008,0.0446,0.4407
DK,2022,0.1136,0.1509,0.0778,0.013,0.015,0.0456,0.0005,0.0643,0.5195
DK,2023,0.1059,0.1048,0.077,0.0178,0.02,0.0358,0.0006,0.0912,0.547
DK,2024,0.115,0.13,0.075,0,0,0.0325,0,0.0125,0.635
DM,2019,0,0,0,0.2222,0,0.7778,0,0,0
DM,2020,0,0,0,0.2222,0,0.7778,0,0,0
DM,2021,0,0,0,0.2222,0,0.7778,0,0,0
DM,2022,0,0,0,0.2222,0,0.7778,0,0,0
DM,2023,0,0,0,0.2222,0,0.7778,0,0,0
DM,2024,0,0,0,0.2222,0,0.7778,0,0,0
DO,2019,0.0135,0.1816,0.2071,0.0503,0,0.4878,0,0.0187,0.041
DO,2020,0.0135,0.1816,0.2071,0.0503,0,0.4878,0,0.0187,0.041
DO,2021,0.0135,0.1816,0.2071,0.0503,0,0.4878,0,0.0187,0.041
DO,2022,0.0135,0.1816,0.2071,0.0503,0,0.4878,0,0.0187,0.041
DO,2023,0.0135,0.1816,0.2071,0.0503,0,0.4878,0,0.0187,0.041
DO,2024,0.0135,0.1816,0.2071,0.0503,0,0.4878,0,0.0187,0.041
DZ,2019,0,0,0.9771,0.002,0,0.012,0,0.0089,0.0001
DZ,2020,0,0,0.9771,0.002,0,0.012,0,0.0089,0.0001
DZ,2021,0,0,0.9771,0.002,0,0.012,0,0.0089,0.0001
DZ,2022,0,0,0.9771,0.002,0,0.012,0,0.0089,0.0001
DZ,2023,0,0,0.9771,0.002,0,0.012,0,0.0089,0.0001
DZ,2024,0,0,0.9771,0.002,0,0.012,0,0.0089,0.0001
EC,2019,0.0142,0,0.0447,0.764,0,0.1743,0,0,0.0028
EC,2020,0.0147,0.0003,0.0416,0.7769,0.0002,0.1625,0,0.0002,0.0034
EC,2021,0.0124,0.0004,0.0412,0.7913,0.0003,0.151,0.0001,0.0004,0.0029
EC,2022,0.0115,0.0004,0.0374,0.7447,0.0002,0.202,0.0001,0.0006,0.003
EC,2023,0.0104,0.0012,0.0354,0.7159,0.0007,0.2247,0.0002,0.0022,0.0092
EC,2024,0.0232,0.0019,0.0387,0.6117,0.0015,0.306,0.0003,0.0044,0.0123
EE,2019,0.0785,0.047,0.074,0.0488,0.0646,0.5625,0.003,0.0093,0.1123
EE,2020,0.0843,0.0666,0.1127,0.0824,0.0986,0.3605,0.003,0.0312,0.1608
EE,2021,0.065,0.0465,0.0791,0.0538,0.0675,0.5134,0.002,0.0488,0.1239
EE,2022,0.148,0.0219,0.0356,0.0198,0.0267,0.5731,0.0008,0.0729,0.1011
EE,2023,0.075,0.0599,0.1004,0.0706,0.0825,0.3366,0.0027,0.1163,0.1561
EE,2024,0.0803,0.0536,0.096,0.0679,0.0767,0.4144,0.0022,0.0086,0.2001
EG,2019,0,0,0.8345,0.0716,0,0.0682,0,0.0256,0
EG,2020,0,0,0.8477,0.0819,0,0.0263,0,0.0441,0
EG,2021,0,0,0.8397,0.073,0,0.0402,0,0.0472,0
EG,2022,0,0,0.7464,0.0713,0,0.1352,0,0.0471,0
EG,2023,0,0,0.779,0.0862,0,0.0894,0,0.0454,0
EG,2024,0,0,0.7781,0.0948,0,0.0819,0,0.0452,0
EH,2019,0.0042,0.2938,0.3986,0.1638,0.0164,0.0778,0.0063,0.0167,0.0224
EH,2020,0.0042,0.2938,0.3986,0.1638,0.0164,0.0778,0.0063,0.0167,0.0224
EH,2021,0.0042,0.2938,0.3986,0.1638,0.0164,0.0778,0.0063,0.0167,0.0224
EH,2022,0.0042,0.2938,0.3986,0.1638,0.0164,0.0778,0.0063,0.0167,0.0224
EH,2023,0.0042,0.2938,0.3986,0.1638,0.0164,0.0778,0.0063,0.0167,0.0224
EH,2024,0.0042,0.2938,0.3986,0.1638,0.0164,0.0778,0.0063,0.0167,0.0224
ER,2019,0,0,0,0,0,0.9773,0,0.0227,0
ER,2020,0,0,0,0,0,0.9773,0,0.0227,0
ER,2021,0,0,0,0,0,0.9773,0,0.0227,0
ER,2022,0,0,0,0,0,0.9773,0,0.0227,0
ER,2023,0,0,0,0,0,0.9773,0,0.0227,0
ER,2024,0,0,0,0,0,0.9773,0,0.0227,0
ES,2019,0.0123,0.0485,0.311,0.1099,0.2272,0.0205,0.0036,0.0578,0.209
ES,2020,0.0164,0.0245,0.2575,0.1421,0.2336,0.0191,0.0037,0.0827,0.2203
ES,2021,0.017,0.0227,0.2485,0.1332,0.2198,0.0173,0.0036,0.1023,0.2357
ES,2022,0.0154,0.0303,0.2944,0.0839,0.215,0.014,0.0032,0.1181,0.2257
ES,2023,0.0126,0.0161,0.2225,0.0992,0.222,0.011,0.0029,0.1646,0.2491
ES,2024,0.0122,0.0127,0.1938,0.1708,0.2417,0.0103,0.0028,0.0906,0.2651
ET,2019,0.0021,0,0,0.9529,0,0.0007,0,0.0014,0.0429
ET,2020,0.0021,0,0,0.9529,0,0.0007,0,0.0014,0.0429
ET,2021,0.0021,0,0,0.9529,0,0.0007,0,0.0014,0.0429
ET,2022,0.0021,0,0,0.9529,0,0.0007,0,0.0014,0.0429
ET,2023,0.0021,0,0,0.9529,0,0.0007,0,0.0014,0.0429
ET,2024,0.0021,0,0,0.9529,0,0.0007,0,0.0014,0.0429
FI,2019,0.1447,0.0927,0.1045,0.1801,0.3172,0.0609,0.0039,0.0089,0.087
FI,2020,0.1258,0.0646,0.0957,0.2264,0.3159,0.048,0.0038,0.0109,0.1089
FI,2021,0.1402,0.0713,0.093,0.2113,0.3033,0.0553,0.0029,0.0122,0.1106
FI,2022,0.1503,0.0707,0.0516,0.1849,0.321,0.0569,0.0011,0.0118,0.1518
FI,2023,0.1293,0.0294,0.0163,0.1901,0.4098,0.0383,0.0002,0.0088,0.1778
FI,2024,0.1103,0.0392,0.0213,0.1736,0.3579,0.0619,0.0004,0.0026,0.2328
FJ,2019,0.115,0,0,0.5044,0,0.3717,0,0.0088,0
FJ,2020,0.115,0,0,0.5044,0,0.3717,0,0.0088,0
FJ,2021,0.115,0,0,0.5044,0,0.3717,0,0.0088,0
FJ,2022,0.115,0,0,0.5044,0,0.3717,0,0.0088,0
FJ,2023,0.115,0,0,0.5044,0,0.3717,0,0.0088,0
FJ,2024,0.115,0,0,0.5044,0,0.3717,0,0.0088,0
FK,2019,0,0,0,0,0,0.5,0,0,0.5
FK,2020,0,0,0,0,0,0.5,0,0,0.5
FK,2021,0,0,0,0,0,0.5,0,0,0.5
FK,2022,0,0,0,0,0,0.5,0,0,0.5
FK,2023,0,0,0,0,0,0.5,0,0,0.5
FK,2024,0,0,0,0,0,0.5,0,0,0.5
FO,2019,0,0,0,0.2703,0,0.5946,0,0,0.1351
FO,2020,0,0,0,0.2703,0,0.5946,0,0,0.1351
FO,2021,0,0,0,0.2703,0,0.5946,0,0,0.1351
FO,2022,0,0,0,0.2703,0,0.5946,0,0,0.1351
FO,2023,0,0,0,0.2703,0,0.5946,0,0,0.1351
FO,2024,0,0,0,0.2703,0,0.5946,0,0,0.1351
FR,2019,0.0058,0.0033,0.0736,0.1037,0.7229,0.0065,0,0.0213,0.0629
FR,2020,0.006,0.0035,0.072,0.1207,0.6866,0.0068,0,0.0257,0.0788
FR,2021,0.0062,0.0094,0.0675,0.1106,0.7031,0.0069,0,0.026,0.0702
FR,2022,0.0092,0.0141,0.106,0.1027,0.6301,0.0081,0.0003,0.0427,0.0869
FR,2023,0.0068,0.002,0.0603,0.1067,0.6717,0.0053,0,0.0449,0.1023
FR,2024,0.0047,0.0023,0.067,0.126,0.6793,0.0042,0,0.0173,0.0992
GA,2019,0.008,0.0541,0.0734,0.3876,0.003,0.4656,0.0012,0.0031,0.0041
GA,2020,0.008,0.0541,0.0734,0.3876,0.003,0.4656,0.0012,0.0031,0.0041
GA,2021,0.008,0.0541,0.0734,0.3876,0.003,0.4656,0.0012,0.0031,0.0041
GA,2022,0.008,0.0541,0.0734,0.3876,0.003,0.4656,0.0012,0.0031,0.0041
GA,2023,0.008,0.0541,0.0734,0.3876,0.003,0.4656,0.0012,0.0031,0.0041
GA,2024,0.008,0.0541,0.0734,0.3876,0.003,0.4656,0.0012,0.0031,0.0041
GB,2019,0.0617,0.0329,0.4161,0.0246,0.1996,0.0042,0.0005,0.0427,0.2177
GB,2020,0.0678,0.026,0.3648,0.028,0.1882,0.0068,0.0004,0.0465,0.2715
GB,2021,0.0712,0.0316,0.4091,0.0271,0.1761,0.0084,0.0006,0.0442,0.2317
GB,2022,0.0549,0.0197,0.4063,0.0157,0.1662,0.0096,0.0002,0.0457,0.2817
GB,2023,0.0537,0.0234,0.3527,0.028,0.1644,0.0115,0.0006,0.0522,0.3136
GB,2024,0.0656,0.0284,0.3855,0.0288,0.1078,0.011,0.0004,0.0176,0.3549
GD,2019,0,0,0,0,0,1,0,0,0
GD,2020,0,0,0,0,0,1,0,0,0
GD,2021,0,0,0,0,0,1,0,0,0
GD,2022,0,0,0,0,0,1,0,0,0
GD,2023,0,0,0,0,0,1,0,0,0
GD,2024,0,0,0,0,0,1,0,0,0
GE,2019,0.0019,0.0718,0.2286,0.672,0.0065,0.0012,0.0006,0.0035,0.0138
GE,2020,0.002,0.0664,0.2404,0.6653,0.0059,0.0011,0.0005,0.0037,0.0147
GE,2021,0.0026,0.083,0.1827,0.7005,0.0072,0.0013,0.0006,0.0055,0.0166
GE,2022,0.002,0.0605,0.2363,0.6748,0.0056,0.0012,0.0005,0.0048,0.0143
GE,2023,0.0013,0.0341,0.2489,0.6962,0.0032,0.0005,0.0003,0.0033,0.0123
GE,2024,0.0019,0.0516,0.3054,0.6169,0.0046,0.0006,0.0004,0.0043,0.0143
GF,2019,0.044,0.0616,0.2689,0.4424,0.0211,0.0814,0.006,0.0159,0.0587
GF,2020,0.044,0.0616,0.2689,0.4424,0.0211,0.0814,0.006,0.0159,0.0587
GF,2021,0.044,0.0616,0.2689,0.4424,0.0211,0.0814,0.006,0.0159,0.0587
GF,2022,0.044,0.0616,0.2689,0.4424,0.0211,0.0814,0.006,0.0159,0.0587
GF,2023,0.044,0.0616,0.2689,0.4424,0.0211,0.0814,0.006,0.0159,0.0587
GF,2024,0.044,0.0616,0.2689,0.4424,0.0211,0.0814,0.006,0.0159,0.0587
GH,2019,0.0012,0,0.417,0.4344,0,0.1444,0,0.003,0
GH,2020,0.0012,0,0.417,0.4344,0,0.1444,0,0.003,0
GH,2021,0.0012,0,0.417,0.4344,0,0.1444,0,0.003,0
GH,2022,0.0012,0,0.417,0.4344,0,0.1444,0,0.003,0
GH,2023,0.0012,0,0.417,0.4344,0,0.1444,0,0.003,0
GH,2024,0.0012,0,0.417,0.4344,0,0.1444,0,0.003,0
GI,2019,0.0401,0.1661,0.2558,0.162,0.2225,0.0272,0.0047,0.0302,0.0914
GI,2020,0.0401,0.1661,0.2558,0.162,0.2225,0.0272,0.0047,0.0302,0.0914
GI,2021,0.0401,0.1661,0.2558,0.162,0.2225,0.0272,0.0047,0.0302,0.0914
GI,2022,0.0401,0.1661,0.2558,0.162,0.2225,0.0272,0.0047,0.0302,0.0914
GI,2023,0.0401,0.1661,0.2558,0.162,0.2225,0.0272,0.0047,0.0302,0.0914
GI,2024,0.0401,0.1661,0.2558,0.162,0.2225,0.0272,0.0047,0.0302,0.0914
GL,2019,0,0,0,0.8,0,0.2,0,0,0
GL,2020,0,0,0,0.8,0,0.2,0,0,0
GL,2021,0,0,0,0.8,0,0.2,0,0,0
GL,2022,0,0,0,0.8,0,0.2,0,0,0
GL,2023,0,0,0,0.8,0,0.2,0,0,0
GL,2024,0,0,0,0.8,0,0.2,0,0,0
GM,2019,0,0,0,0,0,1,0,0,0
GM,2020,0,0,0,0,0,1,0,0,0
GM,2021,0,0,0,0,0,1,0,0,0
GM,2022,0,0,0,0,0,1,0,0,0
GM,2023,0,0,0,0,0,1,0,0,0
GM,2024,0,0,0,0,0,1,0,0,0
GN,2019,0,0,0,0.6262,0,0.3641,0,0.0097,0
GN,2020,0,0,0,0.6262,0,0.3641,0,0.0097,0
GN,2021,0,0,0,0.6262,0,0.3641,0,0.0097,0
GN,2022,0,0,0,0.6262,0,0.3641,0,0.0097,0
GN,2023,0,0,0,0.6262,0,0.3641,0,0.0097,0
GN,2024,0,0,0,0.6262,0,0.3641,0,0.0097,0
GP,2019,0.044,0.0616,0.2689,0.4424,0.0211,0.0814,0.006,0.0159,0.0587
GP,2020,0.044,0.0616,0.2689,0.4424,0.0211,0.0814,0.006,0.0159,0.0587
GP,2021,0.044,0.0616,0.2689,0.4424,0.0211,0.0814,0.006,0.0159,0.0587
GP,2022,0.044,0.0616,0.2689,0.4424,0.0211,0.0814,0.006,0.0159,0.0587
GP,2023,0.044,0.0616,0.2689,0.4424,0.0211,0.0814,0.006,0.0159,0.0587
GP,2024,0.044,0.0616,0.2689,0.4424,0.0211,0.0814,0.006,0.0159,0.0587
GQ,2019,0,0,0,0.3214,0,0.6786,0,0,0
GQ,2020,0,0,0,0.3214,0,0.6786,0,0,0
GQ,2021,0,0,0,0.3214,0,0.6786,0,0,0
GQ,2022,0,0,0,0.3214,0,0.6786,0,0,0
GQ,2023,0,0,0,0.3214,0,0.6786,0,0,0
GQ,2024,0,0,0,0.3214,0,0.6786,0,0,0
GR,2019,0.0055,0.2452,0.3951,0.0917,0.0452,0.0041,0.0012,0.0782,0.1338
GR,2020,0.0055,0.1502,0.4453,0.0858,0.0403,0.0039,0.0012,0.0911,0.1767
GR,2021,0.0024,0.1223,0.4656,0.1067,0.0179,0.0017,0.0005,0.0935,0.1893
GR,2022,0.0029,0.1325,0.4242,0.0858,0.0186,0.0019,0.0006,0.1232,0.2103
GR,2023,0.0032,0.1157,0.366,0.0929,0.0223,0.0022,0.0007,0.177,0.2199
GR,2024,0.0011,0.0993,0.359,0.0791,0.0077,0.0007,0.0002,0.1189,0.3338
GT,2019,0.2462,0.2781,0,0.3237,0,0.0891,0.0224,0.0167,0.0239
GT,2020,0.2462,0.2781,0,0.3237,0,0.0891,0.0224,0.0167,0.0239
GT,2021,0.2462,0.2781,0,0.3237,0,0.0891,0.0224,0.0167,0.0239
GT,2022,0.2462,0.2781,0,0.3237,0,0.0891,0.0224,0.0167,0.0239
GT,2023,0.2462,0.2781,0,0.3237,0,0.0891,0.0224,0.0167,0.0239
GT,2024,0.2462,0.2781,0,0.3237,0,0.0891,0.0224,0.0167,0.0239
GU,2019,0,0,0,0,0,0.9605,0,0.0395,0
GU,2020,0,0,0,0,0,0.9605,0,0.0395,0
GU,2021,0,0,0,0,0,0.9605,0,0.0395,0
GU,2022,0,0,0,0,0,0.9605,0,0.0395,0
GU,2023,0,0,0,0,0,0.9605,0,0.0395,0
GU,2024,0,0,0,0,0,0.9605,0,0.0395,0
GW,2019,0,0,0,0,0,1,0,0,0
GW,2020,0,0,0,0,0,1,0,0,0
GW,2021,0,0,0,0,0,1,0,0,0
GW,2022,0,0,0,0,0,1,0,0,0
GW,2023,0,0,0,0,0,1,0,0,0
GW,2024,0,0,0,0,0,1,0,0,0
GY,2019,0.123,0,0,0,0,0.8689,0,0.0082,0
GY,2020,0.123,0,0,0,0,0.8689,0,0.0082,0
GY,2021,0.123,0,0,0,0,0.8689,0,0.0082,0
GY,2022,0.123,0,0,0,0,0.8689,0,0.0082,0
GY,2023,0.123,0,0,0,0,0.8689,0,0.0082,0
GY,2024,0.123,0,0,0,0,0.8689,0,0.0082,0
HK,2019,0.0067,0.6059,0.3102,0.0364,0.0141,0.006,0.0014,0.0085,0.0108
HK,2020,0.0072,0.6034,0.3092,0.0371,0.0141,0.0058,0.0012,0.01,0.012
HK,2021,0.0074,0.6035,0.3073,0.0341,0.0141,0.0059,0.0012,0.0114,0.015
HK,2022,0.0075,0.6007,0.3059,0.034,0.014,0.0061,0.0012,0.0139,0.0167
HK,2023,0.008,0.6015,0.3047,0.0302,0.0142,0.0053,0.0012,0.0167,0.0182
HK,2024,0.0085,0.6098,0.3047,0.0229,0.014,0.0052,0.0013,0.0136,0.02
HN,2019,0.0962,0.045,0,0.2185,0,0.4388,0.027,0.1007,0.0737
HN,2020,0.0962,0.045,0,0.2185,0,0.4388,0.027,0.1007,0.0737
HN,2021,0.0962,0.045,0,0.2185,0,0.4388,0.027,0.1007,0.0737
HN,2022,0.0962,0.045,0,0.2185,0,0.4388,0.027,0.1007,0.0737
HN,2023,0.0962,0.045,0,0.2185,0,0.4388,0.027,0.1007,0.0737
HN,2024,0.0962,0.045,0,0.2185,0,0.4388,0.027,0.1007,0.0737
HR,2019,0.0341,0.1436,0.2137,0.3587,0.0805,0.0102,0.0283,0.0173,0.1137
HR,2020,0.0377,0.1105,0.253,0.3434,0.0649,0.0087,0.0308,0.0181,0.1329
HR,2021,0.0403,0.1125,0.2102,0.391,0.055,0.0073,0.0284,0.0172,0.138
HR,2022,0.0451,0.1285,0.2558,0.2985,0.0576,0.0072,0.0245,0.0219,0.161
HR,2023,0.0385,0.089,0.228,0.4126,0.0299,0.009,0.0156,0.0169,0.1606
HR,2024,0.0414,0.0208,0.2361,0.4364,0.0298,0.0091,0.0133,0.0096,0.2037
HT,2019,0,0,0,0.1667,0,0.8333,0,0,0
HT,2020,0,0,0,0.1667,0,0.8333,0,0,0
HT,2021,0,0,0,0.1667,0,0.8333,0,0,0
HT,2022,0,0,0,0.1667,0,0.8333,0,0,0
HT,2023,0,0,0,0.1667,0,0.8333,0,0,0
HT,2024,0,0,0,0.1667,0,0.8333,0,0,0
HU,2019,0.0302,0.1406,0.2465,0.0533,0.4157,0.0257,0.0045,0.0406,0.0429
HU,2020,0.0312,0.1262,0.2516,0.0537,0.4039,0.0215,0.0045,0.0638,0.0435
HU,2021,0.0326,0.1089,0.2587,0.051,0.3878,0.0224,0.0044,0.0919,0.0422
HU,2022,0.0334,0.1096,0.2437,0.0449,0.3832,0.0217,0.0044,0.1144,0.0445
HU,2023,0.0242,0.0982,0.2097,0.0479,0.391,0.0191,0.0027,0.1593,0.0478
HU,2024,0.0302,0.0975,0.2583,0.0605,0.399,0.0205,0.0019,0.0614,0.0707
ID,2019,0.0411,0.5906,0.2104,0.072,0.0003,0.0357,0.0476,0.0006,0.0018
ID,2020,0.0411,0.5905,0.2104,0.072,0.0003,0.0356,0.0476,0.0006,0.0018
ID,2021,0.0411,0.5905,0.2103,0.0719,0.0003,0.0357,0.0476,0.0006,0.0019
ID,2022,0.0411,0.5905,0.2103,0.0719,0.0003,0.0357,0.0476,0.0007,0.002
ID,2023,0.0411,0.5905,0.2103,0.0718,0.0003,0.0356,0.0476,0.0007,0.002
ID,2024,0.0411,0.5907,0.2103,0.0717,0.0003,0.0356,0.0476,0.0007,0.002
IE,2019,0.0083,0.0234,0.5001,0.0336,0.0054,0.0936,0.0001,0.0008,0.3348
IE,2020,0.0061,0.026,0.4916,0.032,0.0021,0.0667,0.0001,0.0004,0.3751
IE,2021,0.0054,0.0961,0.4579,0.0332,0.0119,0.0785,0.0004,0.003,0.3136
IE,2022,0.0042,0.0807,0.48,0.0237,0.0029,0.0613,0.0001,0.0009,0.3463
IE,2023,0.0065,0.0517,0.4651,0.046,0.0203,0.0367,0.0007,0.0183,0.3547
IE,2024,0.0062,0.0518,0.4113,0.0591,0.0205,0.0361,0.0006,0.0091,0.4053
IL,2019,0.0015,0.304,0.6398,0,0,0.0156,0,0.0364,0.0026
IL,2020,0.0015,0.304,0.6398,0,0,0.0156,0,0.0364,0.0026
IL,2021,0.0015,0.304,0.6398,0,0,0.0156,0,0.0364,0.0026
IL,2022,0.0015,0.304,0.6398,0,0,0.0156,0,0.0364,0.0026
IL,2023,0.0015,0.304,0.6398,0,0,0.0156,0,0.0364,0.0026
IL,2024,0.0015,0.304,0.6398,0,0,0.0156,0,0.0364,0.0026
IN,2019,0.0107,0.7243,0.0349,0.1175,0.0328,0.0001,0.0003,0.0335,0.046
IN,2020,0.0108,0.7054,0.039,0.1218,0.0333,0.0001,0.0009,0.0437,0.045
IN,2021,0.0104,0.7291,0.027,0.1092,0.0299,0.0001,0.0015,0.0464,0.0464
IN,2022,0.0103,0.7299,0.0159,0.1096,0.029,0.0001,0.0016,0.0597,0.044
IN,2023,0.0087,0.7419,0.0173,0.0874,0.0283,0.0002,0.0016,0.0665,0.0482
IN,2024,0.0169,0.7803,0.0144,0.0509,0.0323,0.0002,0.0017,0.0647,0.0385
IQ,2019,0,0.0051,0.6276,0.0492,0.0014,0.3109,0,0.0054,0.0004
IQ,2020,0,0.0051,0.6276,0.0492,0.0014,0.3109,0,0.0054,0.0004
IQ,2021,0,0.0051,0.6276,0.0492,0.0014,0.3109,0,0.0054,0.0004
IQ,2022,0,0.0051,0.6276,0.0492,0.0014,0.3109,0,0.0054,0.0004
IQ,2023,0,0.0051,0.6276,0.0492,0.0014,0.3109,0,0.0054,0.0004
IQ,2024,0,0.0051,0.6276,0.0492,0.0014,0.3109,0,0.0054,0.0004
IR,2019,0,0,0.7887,0.1023,0,0.109,0,0,0
IR,2020,0,0,0.8023,0.0689,0,0.1289,0,0,0
IR,2021,0,0,0.8456,0.0412,0,0.1132,0,0,0
IR,2022,0,0,0.8307,0.0445,0,0.1248,0,0,0
IR,2023,0,0,0.8484,0.0599,0,0.0917,0,0,0
IR,2024,0,0,0.8663,0.02,0,0.1135,0,0,0
IS,2019,0,0,0,0.6972,0,0,0.3023,0,0.0005
IS,2020,0,0,0,0.6972,0,0,0.3023,0,0.0005
IS,2021,0,0,0,0.6972,0,0,0.3023,0,0.0005
IS,2022,0,0,0,0.6972,0,0,0.3023,0,0.0005
IS,2023,0,0,0,0.6972,0,0,0.3023,0,0.0005
IS,2024,0,0,0,0.6972,0,0,0.3023,0,0.0005
IT,2019,0.0612,0.0754,0.4795,0.1572,0.0279,0.0256,0.019,0.0787,0.0755
IT,2020,0.0651,0.0593,0.466,0.1697,0.024,0.028,0.0201,0.0912,0.0765
IT,2021,0.0637,0.0643,0.4737,0.1576,0.0307,0.0219,0.0189,0.0876,0.0815
IT,2022,0.0619,0.0916,0.4798,0.1085,0.0275,0.0317,0.0188,0.0984,0.0818
IT,2023,0.0589,0.0658,0.4229,0.1516,0.0344,0.0326,0.0191,0.1129,0.1019
IT,2024,0.0577,0.0446,0.4533,0.1452,0.0432,0.0345,0.0191,0.0586,0.1439
JM,2019,0.0236,0,0.2217,0.0377,0,0.6321,0,0.0212,0.0637
JM,2020,0.0236,0,0.2217,0.0377,0,0.6321,0,0.0212,0.0637
JM,2021,0.0236,0,0.2217,0.0377,0,0.6321,0,0.0212,0.0637
JM,2022,0.0236,0,0.2217,0.0377,0,0.6321,0,0.0212,0.0637
JM,2023,0.0236,0,0.2217,0.0377,0,0.6321,0,0.0212,0.0637
JM,2024,0.0236,0,0.2217,0.0377,0,0.6321,0,0.0212,0.0637
JO,2019,0,0.0001,0.8001,0.0012,0,0.0481,0,0.1054,0.045
JO,2020,0,0.0001,0.8001,0.0012,0,0.0481,0,0.1054,0.045
JO,2021,0,0.0001,0.8001,0.0012,0,0.0481,0,0.1054,0.045
JO,2022,0,0.0001,0.8001,0.0012,0,0.0481,0,0.1054,0.045
JO,2023,0,0.0001,0.8001,0.0012,0,0.0481,0,0.1054,0.045
JO,2024,0,0.0001,0.8001,0.0012,0,0.0481,0,0.1054,0.045
JP,2019,0.0239,0.3011,0.3835,0.0757,0.0694,0.0484,0.0093,0.0758,0.0129
JP,2020,0.0303,0.3023,0.3818,0.082,0.0467,0.0428,0.0096,0.0884,0.016
JP,2021,0.0391,0.3003,0.3419,0.0799,0.0646,0.0503,0.0096,0.0975,0.0169
JP,2022,0.046,0.3047,0.3324,0.0736,0.0542,0.0556,0.0096,0.1071,0.0169
JP,2023,0.056,0.2886,0.3075,0.0736,0.084,0.0447,0.01,0.1176,0.018
JP,2024,0.062,0.3152,0.3081,0.0498,0.0901,0.0423,0.0104,0.0977,0.0245
KE,2019,0.0121,0.0051,0.0069,0.2776,0.0003,0.103,0.4506,0.0106,0.1339
KE,2020,0.0095,0.003,0.0041,0.3665,0.0002,0.0574,0.4335,0.0105,0.1152
KE,2021,0.0138,0.0069,0.0093,0.3006,0.0004,0.0881,0.4058,0.0149,0.1602
KE,2022,0.0171,0.0066,0.0089,0.2372,0.0004,0.1077,0.4255,0.0298,0.1668
KE,2023,0.0129,0.018,0.0244,0.2117,0.001,0.0877,0.45,0.0376,0.1567
KE,2024,0.0091,0.0182,0.0247,0.2668,0.001,0.0579,0.4429,0.0364,0.1429
KG,2019,0,0.0761,0,0.9239,0,0,0,0,0
KG,2020,0,0.0761,0,0.9239,0,0,0,0,0
KG,2021,0,0.0761,0,0.9239,0,0,0,0,0
KG,2022,0,0.0761,0,0.9239,0,0,0,0,0
KG,2023,0,0.0761,0,0.9239,0,0,0,0,0
KG,2024,0,0.0761,0,0.9239,0,0,0,0,0
KH,2019,0.0353,0.4519,0.032,0.3869,0.0142,0.0487,0.0015,0.0186,0.0109
KH,2020,0.0358,0.4494,0.0311,0.3877,0.0142,0.0484,0.0013,0.0201,0.0121
KH,2021,0.036,0.4495,0.0291,0.3846,0.0143,0.0486,0.0012,0.0215,0.0152
KH,2022,0.0361,0.4466,0.0276,0.3845,0.0142,0.0488,0.0012,0.024,0.0169
KH,2023,0.0366,0.4475,0.0264,0.3807,0.0144,0.048,0.0012,0.0269,0.0184
KH,2024,0.0371,0.4559,0.0265,0.3733,0.0141,0.0478,0.0013,0.0237,0.0203
KI,2019,0,0,0,0,0,1,0,0,0
KI,2020,0,0,0,0,0,1,0,0,0
KI,2021,0,0,0,0,0,1,0,0,0
KI,2022,0,0,0,0,0,1,0,0,0
KI,2023,0,0,0,0,0,1,0,0,0
KI,2024,0,0,0,0,0,1,0,0,0
KM,2019,0,0,0,0,0,1,0,0,0
KM,2020,0,0,0,0,0,1,0,0,0
KM,2021,0,0,0,0,0,1,0,0,0
KM,2022,0,0,0,0,0,1,0,0,0
KM,2023,0,0,0,0,0,1,0,0,0
KM,2024,0,0,0,0,0,1,0,0,0
KN,2019,0,0,0,0,0,0.9545,0,0,0.0455
KN,2020,0,0,0,0,0,0.9545,0,0,0.0455
KN,2021,0,0,0,0,0,0.9545,0,0,0.0455
KN,2022,0,0,0,0,0,0.9545,0,0,0.0455
KN,2023,0,0,0,0,0,0.9545,0,0,0.0455
KN,2024,0,0,0,0,0,0.9545,0,0,0.0455
KP,2019,0,0,0.1794,0.8191,0,0,0,0.0015,0
KP,2020,0,0,0.1794,0.8191,0,0,0,0.0015,0
KP,2021,0,0,0.1794,0.8191,0,0,0,0.0015,0
KP,2022,0,0,0.1794,0.8191,0,0,0,0.0015,0
KP,2023,0,0,0.1794,0.8191,0,0,0,0.0015,0
KP,2024,0,0,0.1794,0.8191,0,0,0,0.0015,0
KR,2019,0.0139,0.4054,0.2567,0.0049,0.2621,0.0138,0.0174,0.0211,0.0048
KR,2020,0.012,0.3593,0.2669,0.0073,0.2933,0.0184,0.0072,0.0299,0.0057
KR,2021,0.0138,0.3464,0.2951,0.0054,0.2769,0.0099,0.0088,0.0382,0.0055
KR,2022,0.0194,0.3282,0.278,0.006,0.2991,0.0079,0.0097,0.0458,0.0057
KR,2023,0.0214,0.3146,0.2695,0.0063,0.3109,0.0076,0.0116,0.052,0.006
KR,2024,0.0214,0.3076,0.2578,0.0049,0.3331,0.0061,0.0148,0.0443,0.01
KW,2019,0,0,0.6215,0,0,0.3785,0,0,0
KW,2020,0,0,0.5834,0,0,0.4166,0,0,0
KW,2021,0,0,0.5833,0,0,0.4167,0,0,0
KW,2022,0,0,0.5833,0,0,0.4167,0,0,0
KW,2023,0,0,0.5834,0,0,0.4166,0,0,0
KW,2024,0,0,0.5842,0,0,0.4158,0,0,0
KY,2019,0,0,0,0,0,0.9714,0,0.0286,0
KY,2020,0,0,0,0,0,0.9714,0,0.0286,0
KY,2021,0,0,0,0,0,0.9714,0,0.0286,0
KY,2022,0,0,0,0,0,0.9714,0,0.0286,0
KY,2023,0,0,0,0,0,0.9714,0,0.0286,0
KY,2024,0,0,0,0,0,0.9714,0,0.0286,0
KZ,2019,0,0.6932,0.2018,0.0941,0,0.0004,0,0.0038,0.0067
KZ,2020,0,0.6728,0.2167,0.0883,0,0.0006,0,0.0115,0.0102
KZ,2021,0,0.6527,0.2352,0.0801,0,0.0021,0,0.0146,0.0154
KZ,2022,0,0.6741,0.2075,0.0814,0,0.0003,0,0.0155,0.0212
KZ,2023,0,0.6666,0.2052,0.0776,0,0.0005,0,0.0167,0.0336
KZ,2024,0,0.6765,0.208,0.0658,0,0.001,0,0.0067,0.042
LA,2019,0.019,0.3336,0,0.6462,0,0,0,0.0013,0
LA,2020,0.019,0.3336,0,0.6462,0,0,0,0.0013,0
LA,2021,0.019,0.3336,0,0.6462,0,0,0,0.0013,0
LA,2022,0.019,0.3336,0,0.6462,0,0,0,0.0013,0
LA,2023,0.019,0.3336,0,0.6462,0,0,0,0.0013,0
LA,2024,0.019,0.3336,0,0.6462,0,0,0,0.0013,0
LB,2019,0.0015,0.0001,0.0031,0.0475,0,0.9418,0,0.0054,0.0005
LB,2020,0.0015,0.0001,0.0031,0.0475,0,0.9418,0,0.0054,0.0005
LB,2021,0.0015,0.0001,0.0031,0.0475,0,0.9418,0,0.0054,0.0005
LB,2022,0.0015,0.0001,0.0031,0.0475,0,0.9418,0,0.0054,0.0005
LB,2023,0.0015,0.0001,0.0031,0.0475,0,0.9418,0,0.0054,0.0005
LB,2024,0.0015,0.0001,0.0031,0.0475,0,0.9418,0,0.0054,0.0005
LC,2019,0,0,0,0,0,1,0,0,0
LC,2020,0,0,0,0,0,1,0,0,0
LC,2021,0,0,0,0,0,1,0,0,0
LC,2022,0,0,0,0,0,1,0,0,0
LC,2023,0,0,0,0,0,1,0,0,0
LC,2024,0,0,0,0,0,1,0,0,0
LK,2019,0.0063,0.3325,0,0.3029,0,0.3136,0,0.0227,0.022
LK,2020,0.0063,0.3325,0,0.3029,0,0.3136,0,0.0227,0.022
LK,2021,0.0063,0.3325,0,0.3029,0,0.3136,0,0.0227,0.022
LK,2022,0.0063,0.3325,0,0.3029,0,0.3136,0,0.0227,0.022
LK,2023,0.0063,0.3325,0,0.3029,0,0.3136,0,0.0227,0.022
LK,2024,0.0063,0.3325,0,0.3029,0,0.3136,0,0.0227,0.022
LR,2019,0,0,0,0,0,1,0,0,0
LR,2020,0,0,0,0,0,1,0,0,0
LR,2021,0,0,0,0,0,1,0,0,0
LR,2022,0,0,0,0,0,1,0,0,0
LR,2023,0,0,0,0,0,1,0,0,0
LR,2024,0,0,0,0,0,1,0,0,0
LS,2019,0.0022,0.1526,0.207,0.5658,0.0085,0.0404,0.0033,0.0087,0.0116
LS,2020,0.0022,0.1526,0.207,0.5658,0.0085,0.0404,0.0033,0.0087,0.0116
LS,2021,0.0022,0.1526,0.207,0.5658,0.0085,0.0404,0.0033,0.0087,0.0116
LS,2022,0.0022,0.1526,0.207,0.5658,0.0085,0.0404,0.0033,0.0087,0.0116
LS,2023,0.0022,0.1526,0.207,0.5658,0.0085,0.0404,0.0033,0.0087,0.0116
LS,2024,0.0022,0.1526,0.207,0.5658,0.0085,0.0404,0.0033,0.0087,0.0116
LT,2019,0.0548,0.128,0.2292,0.156,0.1734,0.0408,0.0047,0.0291,0.1839
LT,2020,0.0533,0.0996,0.2931,0.1415,0.145,0.0376,0.0044,0.0302,0.1952
LT,2021,0.0535,0.1131,0.2761,0.1488,0.1595,0.0363,0.0046,0.0365,0.1716
LT,2022,0.0519,0.1197,0.2275,0.1429,0.1414,0.0465,0.0047,0.0636,0.2017
LT,2023,0.0389,0.087,0.1967,0.1354,0.1204,0.0567,0.0039,0.0881,0.2728
LT,2024,0.0289,0.0693,0.2387,0.1184,0.0992,0.0554,0.0029,0.0188,0.3684
LU,2019,0.0572,0.134,0.2556,0.1486,0.1817,0.0401,0.0049,0.0499,0.128
LU,2020,0.0716,0.1152,0.239,0.1523,0.1671,0.0384,0.005,0.0575,0.1538
LU,2021,0.0795,0.1192,0.2397,0.1481,0.1687,0.0372,0.0049,0.0652,0.1375
LU,2022,0.0847,0.1272,0.2285,0.1303,0.1503,0.0376,0.005,0.0874,0.1489
LU,2023,0.0575,0.1082,0.1997,0.1445,0.1505,0.0356,0.0049,0.0976,0.2015
LU,2024,0.0643,0.1063,0.2122,0.1564,0.1521,0.0365,0.0044,0.0389,0.2288
LV,2019,0.0834,0.0275,0.4216,0.3041,0.0373,0.0863,0.001,0.0055,0.0333
LV,2020,0.0802,0.0347,0.3005,0.3948,0.05,0.0867,0.0015,0.0098,0.0417
LV,2021,0.0761,0.0411,0.311,0.3885,0.0577,0.0711,0.0017,0.0122,0.0406
LV,2022,0.0583,0.0582,0.2519,0.4338,0.0681,0.0447,0.0023,0.0201,0.0626
LV,2023,0.0376,0.0387,0.2542,0.4966,0.0581,0.0243,0.0019,0.0232,0.0655
LV,2024,0.025,0,0.5125,0.4125,0,0.0125,0,0,0.0375
LY,2019,0.0001,0.0071,0.6648,0.0039,0.0004,0.3224,0.0002,0.0007,0.0005
LY,2020,0.0001,0.0071,0.6648,0.0039,0.0004,0.3224,0.0002,0.0007,0.0005
LY,2021,0.0001,0.0071,0.6648,0.0039,0.0004,0.3224,0.0002,0.0007,0.0005
LY,2022,0.0001,0.0071,0.6648,0.0039,0.0004,0.3224,0.0002,0.0007,0.0005
LY,2023,0.0001,0.0071,0.6648,0.0039,0.0004,0.3224,0.0002,0.0007,0.0005
LY,2024,0.0001,0.0071,0.6648,0.0039,0.0004,0.3224,0.0002,0.0007,0.0005
MA,2019,0,0.6709,0.1006,0.0446,0,0.0189,0,0.0424,0.1225
MA,2020,0,0.6949,0.0829,0.0374,0.0001,0.0176,0.0001,0.042,0.125
MA,2021,0,0.6773,0.0832,0.0332,0.0001,0.0185,0,0.049,0.1388
MA,2022,0.0002,0.7066,0.069,0.0238,0.0006,0.0254,0.0002,0.0384,0.1358
MA,2023,0.0002,0.6369,0.1036,0.0209,0.0008,0.0225,0.0003,0.0543,0.1606
MA,2024,0.0002,0.6283,0.106,0.0225,0.0008,0.0211,0.0003,0.0498,0.1711
MD,2019,0.0044,0.5028,0.3842,0.0641,0.023,0.0021,0.0006,0.0031,0.0156
MD,2020,0.0008,0.004,0.9323,0.0524,0.0059,0.0005,0.0002,0.0006,0.0034
MD,2021,0.0008,0.0042,0.9286,0.0551,0.0063,0.0006,0.0002,0.0016,0.0026
MD,2022,0.0049,0.0276,0.8345,0.0717,0.0309,0.0033,0.001,0.0078,0.0183
MD,2023,0.0009,0.0044,0.9148,0.0628,0.0058,0.0006,0.0002,0.0011,0.0095
MD,2024,0.0036,0.0185,0.8444,0.0611,0.0264,0.0026,0.0008,0.003,0.0397
ME,2019,0.0073,0.3523,0.0682,0.4066,0.0601,0.0055,0.0017,0.01,0.0883
ME,2020,0.0069,0.4026,0.0574,0.3625,0.0517,0.0048,0.0015,0.0084,0.1041
ME,2021,0.0043,0.3609,0.0353,0.4625,0.0317,0.0029,0.0009,0.0086,0.093
