country,year,Bioenergy,Coal,Gas,Hydro,Nuclear,Other Fossil,Other Renewables,Solar,Wind
AE,2019,0,0,0.9736,0,0,0,0,0.0264,0
AE,2020,0,0,0.9736,0,0,0,0,0.0264,0
AE,2021,0,0,0.9736,0,0,0,0,0.0264,0
AE,2022,0,0,0.9736,0,0,0,0,0.0264,0
AE,2023,0,0,0.9736,0,0,0,0,0.0264,0
AE,2024,0,0,0.9736,0,0,0,0,0.0264,0
AE,2025,0,0,0.9736,0,0,0,0,0.0264,0
AE,2026,0,0,0.9736,0,0,0,0,0.0264,0
AF,2019,0.0119,0.4635,0.0931,0.2983,0.0412,0.0242,0.003,0.0331,0.0317
AF,2020,0.0133,0.4557,0.0907,0.3005,0.0412,0.023,0.0032,0.0374,0.035
AF,2021,0.0148,0.454,0.0858,0.2923,0.0412,0.0232,0.0031,0.0417,0.0438
AF,2022,0.0162,0.4445,0.0818,0.2922,0.041,0.0234,0.0032,0.0489,0.0488
AF,2023,0.0168,0.447,0.0783,0.2814,0.0412,0.0212,0.0031,0.0569,0.0541
AF,2024,0.0161,0.4338,0.0761,0.2845,0.0405,0.0202,0.0031,0.069,0.0568
AF,2025,0.016,0.4106,0.0733,0.2861,0.0405,0.02,0.003,0.0874,0.0631
AF,2026,0.0168,0.4059,0.0738,0.2793,0.0401,0.0193,0.0031,0.0853,0.0766
AG,2019,0,0,0,0,0,0.9722,0,0.0278,0
AG,2020,0,0,0,0,0,0.9722,0,0.0278,0
AG,2021,0,0,0,0,0,0.9722,0,0.0278,0
AG,2022,0,0,0,0,0,0.9722,0,0.0278,0
AG,2023,0,0,0,0,0,0.9722,0,0.0278,0
AG,2024,0,0,0,0,0,0.9722,0,0.0278,0
AG,2025,0,0,0,0,0,0.9722,0,0.0278,0
AG,2026,0,0,0,0,0,0.9722,0,0.0278,0
AL,2019,0.0088,0.0528,0.082,0.7337,0.0718,0.0068,0.0025,0.0125,0.0291
AL,2020,0.0093,0.0468,0.0797,0.7386,0.0682,0.0066,0.0027,0.0147,0.0335
AL,2021,0.0095,0.049,0.081,0.735,0.0693,0.0066,0.0026,0.0156,0.0315
AL,2022,0.0096,0.0523,0.0817,0.73,0.0619,0.0068,0.0026,0.0191,0.036
AL,2023,0.0088,0.0456,0.0756,0.7353,0.0631,0.0064,0.0026,0.0229,0.0397
AL,2024,0.0089,0.0413,0.0716,0.7381,0.0637,0.0064,0.0026,0.0269,0.0405
AL,2025,0.0088,0.0398,0.0738,0.7327,0.0636,0.0064,0.0026,0.0323,0.0402
AL,2026,0.0089,0.0423,0.0859,0.7283,0.0664,0.0065,0.0025,0.0122,0.0472
AM,2019,0,0,0.3984,0.3132,0.2883,0,0,0,0
AM,2020,0,0,0.4096,0.2315,0.3589,0,0,0,0
AM,2021,0,0,0.4411,0.2853,0.2618,0,0,0.0118,0
AM,2022,0.0002,0.0042,0.4313,0.2185,0.3176,0.0001,0,0.0276,0.0005
AM,2023,0.0002,0.0053,0.4367,0.1945,0.317,0.0001,0,0.0455,0.0007
AM,2024,0.0003,0.0089,0.3998,0.2068,0.3291,0.0001,0.0001,0.0537,0.0012
AM,2025,0.0001,0.0028,0.3322,0.2982,0.3037,0,0,0.0625,0.0004
AM,2026,0,0,0.3377,0.2857,0.3247,0,0,0.0519,0
AO,2019,0.0032,0,0.1037,0.7276,0,0.1643,0,0.0013,0
AO,2020,0.0032,0,0.1037,0.7276,0,0.1643,0,0.0013,0
AO,2021,0.0032,0,0.1037,0.7276,0,0.1643,0,0.0013,0
AO,2022,0.0032,0,0.1037,0.7276,0,0.1643,0,0.0013,0
AO,2023,0.0032,0,0.1037,0.7276,0,0.1643,0,0.0013,0
AO,2024,0.0032,0,0.1037,0.7276,0,0.1643,0,0.0013,0
AO,2025,0.0032,0,0.1037,0.7276,0,0.1643,0,0.0013,0
AO,2026,0.0032,0,0.1037,0.7276,0,0.1643,0,0.0013,0
AR,2019,0.0044,0.0092,0.5815,0.2843,0.0597,0.0161,0.0001,0.0063,0.0384
AR,2020,0.0055,0.0135,0.5826,0.2285,0.0746,0.0153,0,0.01,0.07
AR,2021,0.0078,0.0198,0.599,0.1784,0.0717,0.0164,0,0.0155,0.0913
AR,2022,0.0085,0.0222,0.5376,0.236,0.0523,0.0195,0.0003,0.0221,0.1013
AR,2023,0.0082,0.0177,0.4744,0.2943,0.0616,0.0174,0.0003,0.0242,0.1018
AR,2024,0.0088,0.01,0.5042,0.2506,0.072,0.0118,0.0002,0.0288,0.1137
AR,2025,0.0111,0.0196,0.4859,0.2317,0.0751,0.0083,0.0001,0.0371,0.1311
AR,2026,0.0117,0.0234,0.4241,0.265,0.0819,0.0054,0,0.0495,0.1387
AS,2019,0,0,0,0,0,1,0,0,0
AS,2020,0,0,0,0,0,1,0,0,0
AS,2021,0,0,0,0,0,1,0,0,0
AS,2022,0,0,0,0,0,1,0,0,0
AS,2023,0,0,0,0,0,1,0,0,0
AS,2024,0,0,0,0,0,1,0,0,0
AS,2025,0,0,0,0,0,1,0,0,0
AS,2026,0,0,0,0,0,1,0,0,0
AT,2019,0.033,0.0311,0.166,0.5903,0.0175,0.0168,0.0006,0.0237,0.1209
AT,2020,0.0275,0.0152,0.1532,0.6271,0.0143,0.0173,0.0005,0.0289,0.1159
AT,2021,0.025,0.022,0.1724,0.5787,0.0298,0.0181,0.0011,0.0383,0.1144
AT,2022,0.0403,0.0236,0.1817,0.5351,0.0271,0.0183,0.0011,0.0539,0.119
AT,2023,0.0228,0.0097,0.1131,0.6131,0.0122,0.0171,0.0005,0.079,0.1324
AT,2024,0.0272,0.0026,0.0932,0.6199,0.0036,0.0152,0.0001,0.1044,0.1338
AT,2025,0.0272,0.0064,0.0846,0.5761,0.0091,0.0163,0.0004,0.1614,0.1186
AT,2026,0.0273,0.0026,0.0281,0.637,0.004,0.0177,0.0001,0.1711,0.112
AU,2019,0.0017,0.6581,0.1155,0.0611,0,0,0,0.0789,0.0848
AU,2020,0.0013,0.6339,0.1011,0.0643,0,0,0,0.0997,0.0997
AU,2021,0.0012,0.6055,0.079,0.0705,0,0.0004,0,0.1257,0.1176
AU,2022,0.001,0.5584,0.091,0.0727,0,0.0003,0,0.1479,0.1286
AU,2023,0.0014,0.5405,0.0757,0.0662,0,0.0001,0,0.1815,0.1346
AU,2024,0.0019,0.5324,0.0773,0.0571,0,0.0003,0,0.1967,0.1343
AU,2025,0.0021,0.5014,0.0674,0.0533,0,0,0,0.2173,0.1585
AU,2026,0.0024,0.4422,0.0499,0.0465,0,0,0,0.3046,0.1544
AW,2019,0,0,0,0,0,0.8283,0,0.0303,0.1414
AW,2020,0,0,0,0,0,0.8283,0,0.0303,0.1414
AW,2021,0,0,0,0,0,0.8283,0,0.0303,0.1414
AW,2022,0,0,0,0,0,0.8283,0,0.0303,0.1414
AW,2023,0,0,0,0,0,0.8283,0,0.0303,0.1414
AW,2024,0,0,0,0,0,0.8283,0,0.0303,0.1414
AW,2025,0,0,0,0,0,0.8283,0,0.0303,0.1414
AW,2026,0,0,0,0,0,0.8283,0,0.0303,0.1414
AZ,2019,0,0,0.9366,0.0634,0,0,0,0,0
AZ,2020,0,0,0.9559,0.0441,0,0,0,0,0
AZ,2021,0,0,0.9253,0.0499,0,0.0232,0,0.0016,0
AZ,2022,0,0,0.9322,0.061,0,0.0045,0,0.0023,0
AZ,2023,0.0001,0.0021,0.9229,0.0672,0.0002,0.0045,0,0.0027,0.0002
AZ,2024,0,0,0.8686,0.1158,0,0.0047,0,0.011,0
AZ,2025,0,0,0.868,0.1229,0,0.0046,0,0.0045,0
AZ,2026,0,0,0.8962,0.0991,0,0.0047,0,0,0
BA,2019,0,0.6171,0,0.3719,0,0,0,0,0.011
BA,2020,0,0.7117,0,0.2781,0,0,0,0,0.0102
BA,2021,0,0.6368,0,0.3436,0,0,0,0.0015,0.0182
BA,2022,0,0.6947,0,0.2788,0,0,0,0.006,0.0205
BA,2023,0,0.6113,0,0.3654,0,0,0,0.012,0.0114
BA,2024,0,0.6392,0,0.3223,0,0,0,0.0249,0.0137
BA,2025,0,0.6005,0,0.3388,0,0,0,0.046,0.0147
BA,2026,0,0.5378,0,0.4202,0,0,0,0.0336,0.0084
BB,2019,0,0,0.0283,0,0,0.934,0,0.0377,0
BB,2020,0,0,0.0283,0,0,0.934,0,0.0377,0
BB,2021,0,0,0.0283,0,0,0.934,0,0.0377,0
BB,2022,0,0,0.0283,0,0,0.934,0,0.0377,0
BB,2023,0,0,0.0283,0,0,0.934,0,0.0377,0
BB,2024,0,0,0.0283,0,0,0.934,0,0.0377,0
BB,2025,0,0,0.0283,0,0,0.934,0,0.0377,0
BB,2026,0,0,0.0283,0,0,0.934,0,0.0377,0
BD,2019,0.0015,0.0846,0.7012,0.0251,0.0052,0.1746,0.0004,0.0034,0.004
BD,2020,0.0015,0.1165,0.6592,0.0233,0.0048,0.1859,0.0004,0.0042,0.0041
BD,2021,0.0016,0.112,0.6113,0.0196,0.0046,0.239,0.0004,0.0065,0.0049
BD,2022,0.0019,0.1401,0.5194,0.0209,0.0049,0.297,0.0004,0.0095,0.0059
BD,2023,0.002,0.2426,0.5428,0.0186,0.0049,0.1688,0.0004,0.0137,0.0064
BD,2024,0.0025,0.3479,0.4712,0.0247,0.0062,0.1173,0.0005,0.02,0.0097
BD,2025,0.0032,0.3631,0.442,0.0281,0.0082,0.1124,0.0006,0.0293,0.0131
BD,2026,0.004,0.4037,0.4409,0.0302,0.0095,0.0586,0.0007,0.0341,0.0182
BE,2019,0.0273,0.0042,0.2704,0.0053,0.4692,0.0876,0.0002,0.0398,0.0959
BE,2020,0.0289,0.0027,0.289,0.005,0.3959,0.0897,0.0001,0.0515,0.1372
BE,2021,0.0237,0.0008,0.2064,0.0032,0.515,0.0812,0,0.0501,0.1195
BE,2022,0.0219,0.0001,0.2241,0.001,0.469,0.0848,0,0.0727,0.1265
BE,2023,0.0129,0.0075,0.1994,0.0118,0.3934,0.0994,0.0005,0.0923,0.1828
BE,2024,0.0122,0.0175,0.1672,0.0262,0.3924,0.095,0.0011,0.1111,0.1773
BE,2025,0.0152,0.0217,0.1958,0.0294,0.312,0.1065,0.0014,0.1405,0.1776
BE,2026,0.0135,0.0265,0.24,0.031,0.245,0.1361,0.0015,0.0377,0.2686
BF,2019,0.0239,0.1216,0.1665,0.1059,0.0061,0.526,0.0024,0.0387,0.009
BF,2020,0.0239,0.1216,0.1665,0.1059,0.0061,0.526,0.0024,0.0387,0.009
BF,2021,0.0239,0.1216,0.1665,0.1059,0.0061,0.526,0.0024,0.0387,0.009
BF,2022,0.0239,0.1216,0.1665,0.1059,0.0061,0.526,0.0024,0.0387,0.009
BF,2023,0.0239,0.1216,0.1665,0.1059,0.0061,0.526,0.0024,0.0387,0.009
BF,2024,0.0239,0.1216,0.1665,0.1059,0.0061,0.526,0.0024,0.0387,0.009
BF,2025,0.0239,0.1216,0.1665,0.1059,0.0061,0.526,0.0024,0.0387,0.009
BF,2026,0.0239,0.1216,0.1665,0.1059,0.0061,0.526,0.0024,0.0387,0.009
BG,2019,0.0053,0.437,0.0509,0.067,0.3806,0,0,0.0304,0.0289
BG,2020,0.0061,0.3794,0.0562,0.0731,0.414,0.0001,0,0.0352,0.0359
BG,2021,0.005,0.4131,0.0598,0.1069,0.3547,0,0,0.0306,0.0299
BG,2022,0.0048,0.4779,0.0534,0.0751,0.3279,0,0,0.0328,0.028
BG,2023,0.0047,0.3403,0.0557,0.0783,0.4046,0.0001,0.0001,0.0776,0.0386
BG,2024,0.0044,0.2648,0.0639,0.082,0.4135,0.0007,0.0003,0.1291,0.0413
BG,2025,0.0039,0.2634,0.0566,0.0746,0.3952,0.0005,0.0002,0.1687,0.0369
BG,2026,0.0046,0.312,0.0793,0.1024,0.3647,0.0013,0.0005,0.0862,0.0489
BH,2019,0,0,0.9987,0.0001,0,0.0006,0,0.0006,0
BH,2020,0,0,0.9987,0.0001,0,0.0006,0,0.0006,0
BH,2021,0,0,0.9987,0.0001,0,0.0006,0,0.0006,0
BH,2022,0,0,0.9987,0.0001,0,0.0006,0,0.0006,0
BH,2023,0,0,0.9987,0.0001,0,0.0006,0,0.0006,0
BH,2024,0,0,0.9987,0.0001,0,0.0006,0,0.0006,0
BH,2025,0,0,0.9987,0.0001,0,0.0006,0,0.0006,0
BH,2026,0,0,0.9987,0.0001,0,0.0006,0,0.0006,0
BI,2019,0.0211,0.0616,0.0843,0.5635,0.0031,0.2581,0.0012,0.0026,0.0046
BI,2020,0.0211,0.0616,0.0843,0.5635,0.0031,0.2581,0.0012,0.0026,0.0046
BI,2021,0.0211,0.0616,0.0843,0.5635,0.0031,0.2581,0.0012,0.0026,0.0046
BI,2022,0.0211,0.0616,0.0843,0.5635,0.0031,0.2581,0.0012,0.0026,0.0046
BI,2023,0.0211,0.0616,0.0843,0.5635,0.0031,0.2581,0.0012,0.0026,0.0046
BI,2024,0.0211,0.0616,0.0843,0.5635,0.0031,0.2581,0.0012,0.0026,0.0046
BI,2025,0.0211,0.0616,0.0843,0.5635,0.0031,0.2581,0.0012,0.0026,0.0046
BI,2026,0.0211,0.0616,0.0843,0.5635,0.0031,0.2581,0.0012,0.0026,0.0046
BJ,2019,0.0025,0.2018,0.4726,0.1076,0.0101,0.172,0.004,0.0146,0.0149
BJ,2020,0.0025,0.2018,0.4726,0.1076,0.0101,0.172,0.004,0.0146,0.0149
BJ,2021,0.0025,0.2018,0.4726,0.1076,0.0101,0.172,0.004,0.0146,0.0149
BJ,2022,0.0025,0.2018,0.4726,0.1076,0.0101,0.172,0.004,0.0146,0.0149
BJ,2023,0.0025,0.2018,0.4726,0.1076,0.0101,0.172,0.004,0.0146,0.0149
BJ,2024,0.0025,0.2018,0.4726,0.1076,0.0101,0.172,0.004,0.0146,0.0149
BJ,2025,0.0025,0.2018,0.4726,0.1076,0.0101,0.172,0.004,0.0146,0.0149
BJ,2026,0.0025,0.2018,0.4726,0.1076,0.0101,0.172,0.004,0.0146,0.0149
BM,2019,0.0164,0,0,0,0,0.9836,0,0,0
BM,2020,0.0164,0,0,0,0,0.9836,0,0,0
BM,2021,0.0164,0,0,0,0,0.9836,0,0,0
BM,2022,0.0164,0,0,0,0,0.9836,0,0,0
BM,2023,0.0164,0,0,0,0,0.9836,0,0,0
BM,2024,0.0164,0,0,0,0,0.9836,0,0,0
BM,2025,0.0164,0,0,0,0,0.9836,0,0,0
BM,2026,0.0164,0,0,0,0,0.9836,0,0,0
BN,2019,0,0.0974,0.8925,0,0,0.0101,0,0,0
BN,2020,0,0.0974,0.8925,0,0,0.0101,0,0,0
BN,2021,0,0.0974,0.8925,0,0,0.0101,0,0,0
BN,2022,0,0.0974,0.8925,0,0,0.0101,0,0,0
BN,2023,0,0.0974,0.8925,0,0,0.0101,0,0,0
BN,2024,0,0.0974,0.8925,0,0,0.0101,0,0,0
BN,2025,0,0.0974,0.8925,0,0,0.0101,0,0,0
BN,2026,0,0.0974,0.8925,0,0,0.0101,0,0,0
BO,2019,0.0158,0,0.6193,0.3407,0,0,0,0.0168,0.0074
BO,2020,0.0141,0,0.6334,0.32,0,0,0,0.026,0.0065
BO,2021,0.0181,0,0.6125,0.3243,0,0,0,0.0341,0.011
BO,2022,0.0122,0,0.641,0.2697,0,0,0,0.0338,0.0432
BO,2023,0.0097,0,0.7083,0.2066,0,0,0,0.0319,0.0434
BO,2024,0.0085,0,0.6749,0.2446,0,0,0,0.0299,0.0419
BO,2025,0.0102,0,0.6506,0.285,0,0,0,0.0297,0.0246
BO,2026,0,0,0.67,0.28,0,0,0,0.03,0.02
BR,2019,0.0165,0.0246,0.082,0.722,0.0285,0.0206,0,0.0117,0.0942
BR,2020,0.0179,0.0194,0.0751,0.7231,0.0251,0.0237,0,0.0192,0.0964
BR,2021,0.0135,0.0273,0.1359,0.6177,0.0244,0.0357,0,0.0278,0.1178
BR,2022,0.0127,0.011,0.062,0.7003,0.0233,0.0151,0,0.0482,0.1272
BR,2023,0.0135,0.0115,0.0532,0.6685,0.0219,0.0115,0,0.0782,0.1416
BR,2024,0.0134,0.0131,0.0647,0.6155,0.0226,0.0108,0,0.1067,0.1533
BR,2025,0.009,0.0153,0.0761,0.5702,0.0226,0.0098,0,0.131,0.1659
BR,2026,0.0038,0.0248,0.1157,0.5119,0.0251,0.0087,0,0.1538,0.1562
BS,2019,0,0,0,0,0,1,0,0,0
BS,2020,0,0,0,0,0,1,0,0,0
BS,2021,0,0,0,0,0,1,0,0,0
BS,2022,0,0,0,0,0,1,0,0,0
BS,2023,0,0,0,0,0,1,0,0,0
BS,2024,0,0,0,0,0,1,0,0,0
BS,2025,0,0,0,0,0,1,0,0,0
BS,2026,0,0,0,0,0,1,0,0,0
BT,2019,0,0,0,1,0,0,0,0,0
BT,2020,0,0,0,1,0,0,0,0,0
BT,2021,0,0,0,1,0,0,0,0,0
BT,2022,0,0,0,1,0,0,0,0,0
BT,2023,0,0,0,1,0,0,0,0,0
BT,2024,0,0,0,1,0,0,0,0,0
BT,2025,0,0,0,1,0,0,0,0,0
BT,2026,0,0,0,1,0,0,0,0,0
BW,2019,0.0011,0.7968,0.1186,0.0462,0.0043,0.0185,0.0017,0.0065,0.0064
BW,2020,0.0011,0.7968,0.1186,0.0462,0.0043,0.0185,0.0017,0.0065,0.0064
BW,2021,0.0011,0.7968,0.1186,0.0462,0.0043,0.0185,0.0017,0.0065,0.0064
BW,2022,0.0011,0.7968,0.1186,0.0462,0.0043,0.0185,0.0017,0.0065,0.0064
BW,2023,0.0011,0.7968,0.1186,0.0462,0.0043,0.0185,0.0017,0.0065,0.0064
BW,2024,0.0011,0.7968,0.1186,0.0462,0.0043,0.0185,0.0017,0.0065,0.0064
BW,2025,0.0011,0.7968,0.1186,0.0462,0.0043,0.0185,0.0017,0.0065,0.0064
BW,2026,0.0011,0.7968,0.1186,0.0462,0.0043,0.0185,0.0017,0.0065,0.0064
BY,2019,0.003,0.0001,0.8793,0.0091,0.0002,0.099,0,0.0048,0.0045
BY,2020,0.0064,0.0008,0.8166,0.0114,0.0098,0.1447,0.0001,0.0043,0.006
BY,2021,0.006,0.0005,0.7077,0.0101,0.1412,0.1256,0,0.0047,0.0042
BY,2022,0.0062,0,0.7344,0.0095,0.1169,0.1233,0,0.0054,0.0043
BY,2023,0.0122,0.0001,0.5904,0.0092,0.2862,0.0937,0,0.0037,0.0045
BY,2024,0.0099,0.0012,0.5366,0.0125,0.3623,0.0658,0.0001,0.0065,0.0051
BY,2025,0.0174,0.0001,0.457,0.0166,0.4246,0.0693,0,0.0072,0.008
BY,2026,0.018,0,0.4192,0.018,0.4551,0.0719,0,0.009,0.009
BZ,2019,0.1709,0.0232,0.1054,0.5234,0.0095,0.1208,0.0033,0.0184,0.0251
BZ,2020,0.1713,0.0188,0.1088,0.5275,0.0098,0.1106,0.0032,0.0219,0.0282
BZ,2021,0.1708,0.0182,0.1193,0.5132,0.0097,0.1076,0.0029,0.0252,0.0332
BZ,2022,0.1705,0.0145,0.1009,0.5285,0.0084,0.1098,0.0029,0.0295,0.035
BZ,2023,0.1707,0.0175,0.1018,0.5192,0.0088,0.1056,0.0026,0.0355,0.038
BZ,2024,0.171,0.0159,0.1042,0.511,0.0092,0.1033,0.0024,0.0419,0.0412
BZ,2025,0.1702,0.017,0.1036,0.5059,0.0087,0.1004,0.0021,0.0475,0.0445
BZ,2026,0.1691,0.0185,0.1047,0.4966,0.0087,0.101,0.0019,0.0543,0.0451
CA,2019,0.0168,0.0744,0.1061,0.5899,0.1487,0.0087,0.0003,0.0038,0.0514
CA,2020,0.0151,0.0582,0.1098,0.6023,0.1455,0.0078,0.0002,0.004,0.0572
CA,2021,0.0172,0.0525,0.1209,0.6008,0.1389,0.0073,0.0003,0.0043,0.0577
CA,2022,0.0153,0.0393,0.1285,0.6131,0.1282,0.009,0.0002,0.0049,0.0614
CA,2023,0.0161,0.0359,0.1468,0.5833,0.1376,0.0079,0.0002,0.0076,0.0646
CA,2024,0.0172,0.0386,0.1575,0.5594,0.134,0.0084,0.0005,0.0088,0.0757
CA,2025,0.018,0.0404,0.1648,0.5419,0.1335,0.0088,0.0006,0.011,0.0809
CA,2026,0.0202,0.0458,0.1859,0.5034,0.1262,0.0099,0.0006,0.0106,0.0972
CD,2019,0.0196,0.0214,0.0294,0.9196,0.0011,0.0053,0.0004,0.0016,0.0016
CD,2020,0.0196,0.0214,0.0294,0.9196,0.0011,0.0053,0.0004,0.0016,0.0016
CD,2021,0.0196,0.0214,0.0294,0.9196,0.0011,0.0053,0.0004,0.0016,0.0016
CD,2022,0.0196,0.0214,0.0294,0.9196,0.0011,0.0053,0.0004,0.0016,0.0016
CD,2023,0.0196,0.0214,0.0294,0.9196,0.0011,0.0053,0.0004,0.0016,0.0016
CD,2024,0.0196,0.0214,0.0294,0.9196,0.0011,0.0053,0.0004,0.0016,0.0016
CD,2025,0.0196,0.0214,0.0294,0.9196,0.0011,0.0053,0.0004,0.0016,0.0016
CD,2026,0.0196,0.0214,0.0294,0.9196,0.0011,0.0053,0.0004,0.0016,0.0016
CF,2019,0,0,0,1,0,0,0,0,0
CF,2020,0,0,0,1,0,0,0,0,0
CF,2021,0,0,0,1,0,0,0,0,0
CF,2022,0,0,0,1,0,0,0,0,0
CF,2023,0,0,0,1,0,0,0,0,0
CF,2024,0,0,0,1,0,0,0,0,0
CF,2025,0,0,0,1,0,0,0,0,0
CF,2026,0,0,0,1,0,0,0,0,0
CG,2019,0,0,0.6813,0.272,0,0.0466,0,0,0
CG,2020,0,0,0.6813,0.272,0,0.0466,0,0,0
CG,2021,0,0,0.6813,0.272,0,0.0466,0,0,0
CG,2022,0,0,0.6813,0.272,0,0.0466,0,0,0
CG,2023,0,0,0.6813,0.272,0,0.0466,0,0,0
CG,2024,0,0,0.6813,0.272,0,0.0466,0,0,0
CG,2025,0,0,0.6813,0.272,0,0.0466,0,0,0
CG,2026,0,0,0.6813,0.272,0,0.0466,0,0,0
CH,2019,0.0013,0.008,0.0119,0.5363,0.3545,0.052,0.0004,0.0288,0.0068
CH,2020,0.0011,0.0059,0.01,0.5571,0.3275,0.0548,0.0003,0.036,0.0073
CH,2021,0.0031,0.0168,0.0273,0.5548,0.2849,0.0556,0.0008,0.0428,0.0138
CH,2022,0.0028,0.0156,0.0241,0.4829,0.3461,0.0545,0.0008,0.0588,0.0144
CH,2023,0.001,0.0055,0.0087,0.5433,0.3213,0.0485,0.0003,0.0641,0.0074
CH,2024,0.0004,0.002,0.0036,0.5854,0.2899,0.0453,0.0001,0.0688,0.0046
CH,2025,0.0025,0.0122,0.0231,0.514,0.2701,0.0503,0.0007,0.1125,0.0146
CH,2026,0.0085,0.0405,0.0823,0.4274,0.2922,0.05,0.0024,0.0499,0.0467
CI,2019,0.0066,0,0.6679,0.3236,0,0.0009,0,0.0009,0
CI,2020,0.0066,0,0.6679,0.3236,0,0.0009,0,0.0009,0
CI,2021,0.0066,0,0.6679,0.3236,0,0.0009,0,0.0009,0
CI,2022,0.0066,0,0.6679,0.3236,0,0.0009,0,0.0009,0
CI,2023,0.0066,0,0.6679,0.3236,0,0.0009,0,0.0009,0
CI,2024,0.0066,0,0.6679,0.3236,0,0.0009,0,0.0009,0
CI,2025,0.0066,0,0.6679,0.3236,0,0.0009,0,0.0009,0
CI,2026,0.0066,0,0.6679,0.3236,0,0.0009,0,0.0009,0
CK,2019,0,0,0,0,0,0.75,0,0.25,0
CK,2020,0,0,0,0,0,0.75,0,0.25,0
CK,2021,0,0,0,0,0,0.75,0,0.25,0
CK,2022,0,0,0,0,0,0.75,0,0.25,0
CK,2023,0,0,0,0,0,0.75,0,0.25,0
CK,2024,0,0,0,0,0,0.75,0,0.25,0
CK,2025,0,0,0,0,0,0.75,0,0.25,0
CK,2026,0,0,0,0,0,0.75,0,0.25,0
CL,2019,0.0235,0.3668,0.1827,0.2691,0,0.0106,0.0028,0.0825,0.062
CL,2020,0.0243,0.3472,0.1764,0.2654,0,0.0139,0.0032,0.0982,0.0714
CL,2021,0.0248,0.3393,0.1774,0.2023,0,0.0309,0.0042,0.1323,0.0889
CL,2022,0.0231,0.2304,0.1908,0.244,0,0.025,0.0056,0.1746,0.1065
CL,2023,0.0234,0.167,0.1851,0.2861,0,0.0154,0.0052,0.1992,0.1187
CL,2024,0.0227,0.1514,0.1447,0.3173,0,0.0135,0.0035,0.2173,0.1296
CL,2025,0.0232,0.1769,0.1555,0.244,0,0.0156,0.0014,0.2403,0.1431
CL,2026,0.0173,0.1678,0.1092,0.229,0,0.0133,0.0013,0.3116,0.1505
CM,2019,0.0048,0.0018,0.263,0.6048,0.0001,0.1228,0,0.0025,0.0001
CM,2020,0.0048,0.0018,0.263,0.6048,0.0001,0.1228,0,0.0025,0.0001
CM,2021,0.0048,0.0018,0.263,0.6048,0.0001,0.1228,0,0.0025,0.0001
CM,2022,0.0048,0.0018,0.263,0.6048,0.0001,0.1228,0,0.0025,0.0001
CM,2023,0.0048,0.0018,0.263,0.6048,0.0001,0.1228,0,0.0025,0.0001
CM,2024,0.0048,0.0018,0.263,0.6048,0.0001,0.1228,0,0.0025,0.0001
CM,2025,0.0048,0.0018,0.263,0.6048,0.0001,0.1228,0,0.0025,0.0001
CM,2026,0.0048,0.0018,0.263,0.6048,0.0001,0.1228,0,0.0025,0.0001
CN,2019,0.0151,0.662,0.0289,0.1578,0.0475,0.0028,0,0.0306,0.0553
CN,2020,0.0174,0.6464,0.0308,0.1593,0.0481,0.0026,0,0.0342,0.0612
CN,2021,0.0193,0.6389,0.0316,0.1424,0.0487,0.0021,0,0.0389,0.078
CN,2022,0.0205,0.6232,0.0301,0.1394,0.0481,0.0018,0,0.0492,0.0878
CN,2023,0.021,0.6187,0.0299,0.1241,0.0466,0.0017,0,0.0628,0.0952
CN,2024,0.02,0.591,0.0286,0.1292,0.0451,0.0017,0,0.0842,0.1002
CN,2025,0.0195,0.5548,0.0285,0.1271,0.0464,0.0016,0,0.1141,0.108
CN,2026,0.0204,0.5817,0.0299,0.0945,0.0487,0.0017,0,0.0989,0.1242
CO,2019,0.0016,0.1043,0.0917,0.7862,0.0008,0.0095,0.0003,0.0022,0.0033
CO,2020,0.0027,0.1268,0.0896,0.7522,0.0017,0.0176,0.0006,0.0046,0.0042
CO,2021,0.0003,0.0595,0.0797,0.8418,0.0007,0.009,0.0002,0.0056,0.0032
CO,2022,0.0001,0.0464,0.0794,0.8576,0.0004,0.0064,0.0001,0.0073,0.0023
CO,2023,0.0005,0.0968,0.0938,0.7712,0.0009,0.0105,0.0003,0.0183,0.0075
CO,2024,0.0011,0.1201,0.0887,0.7128,0.0023,0.0134,0.0006,0.0484,0.0126
CO,2025,0.0001,0.032,0.0764,0.8296,0.0002,0.0073,0,0.0516,0.0029
CO,2026,0,0.0127,0.0814,0.844,0.0001,0.0071,0,0.0517,0.0031
CR,2019,0.0063,0.0014,0.0061,0.6882,0.0005,0.0106,0.1311,0.0004,0.1553
CR,2020,0.0054,0.0005,0.0024,0.7191,0.0003,0.0026,0.141,0.0003,0.1284
CR,2021,0.0066,0,0,0.7377,0,0,0.1286,0,0.1271
CR,2022,0.0059,0,0.0002,0.7409,0,0.0078,0.1327,0,0.1124
CR,2023,0.0044,0.0014,0.0075,0.6904,0.0007,0.0512,0.1206,0.0017,0.1222
CR,2024,0.0041,0.001,0.0064,0.6649,0.0006,0.106,0.1171,0.0019,0.0981
CR,2025,0.0039,0.0004,0.0027,0.7534,0.0003,0.0139,0.1079,0.0011,0.1165
CR,2026,0.0095,0.0012,0.007,0.6938,0.0006,0.0202,0.1123,0.0029,0.1525
CU,2019,0.0251,0,0.1184,0.0068,0,0.8386,0,0.0101,0.001
CU,2020,0.0251,0,0.1184,0.0068,0,0.8386,0,0.0101,0.001
CU,2021,0.0251,0,0.1184,0.0068,0,0.8386,0,0.0101,0.001
CU,2022,0.0251,0,0.1184,0.0068,0,0.8386,0,0.0101,0.001
CU,2023,0.0251,0,0.1184,0.0068,0,0.8386,0,0.0101,0.001
CU,2024,0.0251,0,0.1184,0.0068,0,0.8386,0,0.0101,0.001
CU,2025,0.0251,0,0.1184,0.0068,0,0.8386,0,0.0101,0.001
CU,2026,0.0251,0,0.1184,0.0068,0,0.8386,0,0.0101,0.001
CV,2019,0,0,0,0,0,0.8182,0,0.0227,0.1591
CV,2020,0,0,0,0,0,0.8182,0,0.0227,0.1591
CV,2021,0,0,0,0,0,0.8182,0,0.0227,0.1591
CV,2022,0,0,0,0,0,0.8182,0,0.0227,0.1591
CV,2023,0,0,0,0,0,0.8182,0,0.0227,0.1591
CV,2024,0,0,0,0,0,0.8182,0,0.0227,0.1591
CV,2025,0,0,0,0,0,0.8182,0,0.0227,0.1591
CV,2026,0,0,0,0,0,0.8182,0,0.0227,0.1591
CY,2019,0,0,0,0,0,0.9041,0,0.0463,0.0496
CY,2020,0.0051,0,0,0,0,0.8724,0,0.0697,0.0527
CY,2021,0.0017,0,0,0,0,0.8496,0,0.0992,0.0496
CY,2022,0,0,0,0,0,0.8317,0,0.123,0.0453
CY,2023,0,0,0,0,0,0.7933,0,0.1669,0.0398
CY,2024,0,0,0,0,0,0.7627,0,0.1985,0.0388
CY,2025,0,0,0,0,0,0.7233,0,0.2416,0.0352
CY,2026,0,0,0,0,0,0.7308,0,0.2308,0.0385
CZ,2019,0.0247,0.4236,0.0672,0.0243,0.3588,0.0342,0.0296,0.0288,0.0088
CZ,2020,0.031,0.376,0.0725,0.0276,0.3779,0.0446,0.032,0.0289,0.0096
CZ,2021,0.0324,0.387,0.0782,0.0319,0.3718,0.0318,0.0304,0.0286,0.0078
CZ,2022,0.0311,0.4237,0.0678,0.0264,0.3757,0.0059,0.0304,0.0305,0.0086
CZ,2023,0.0317,0.3793,0.0473,0.0333,0.4072,0.0168,0.0336,0.0402,0.0105
CZ,2024,0.0329,0.3482,0.0498,0.0377,0.4139,0.0138,0.0352,0.0581,0.0103
CZ,2025,0.0412,0.3335,0.0526,0.0237,0.4307,0.0084,0.0324,0.0681,0.0092
CZ,2026,0.0379,0.376,0.0774,0.019,0.4297,0.0047,0.0316,0.0126,0.0111
DE,2019,0.0739,0.2752,0.1497,0.0356,0.1248,0.0378,0.0084,0.0799,0.2147
DE,2020,0.0791,0.2266,0.1699,0.0356,0.1135,0.0376,0.0089,0.0917,0.2372
DE,2021,0.075,0.2725,0.1578,0.0361,0.1189,0.038,0.0086,0.0908,0.2022
DE,2022,0.0808,0.3055,0.1402,0.0322,0.0603,0.0383,0.0084,0.1118,0.2226
DE,2023,0.0847,0.2471,0.1482,0.0464,0.0218,0.0399,0.0092,0.1299,0.2728
DE,2024,0.085,0.2034,0.1619,0.0555,0.011,0.0402,0.0093,0.1518,0.2818
DE,2025,0.0842,0.1966,0.169,0.0431,0.0076,0.0372,0.0076,0.183,0.2717
DE,2026,0.0886,0.1926,0.2164,0.0308,0.0048,0.043,0.0071,0.0442,0.3724
DJ,2019,0.0031,0.2564,0.3512,0.1368,0.0128,0.2048,0.0051,0.0107,0.019
DJ,2020,0.0031,0.2564,0.3512,0.1368,0.0128,0.2048,0.0051,0.0107,0.019
DJ,2021,0.0031,0.2564,0.3512,0.1368,0.0128,0.2048,0.0051,0.0107,0.019
DJ,2022,0.0031,0.2564,0.3512,0.1368,0.0128,0.2048,0.0051,0.0107,0.019
DJ,2023,0.0031,0.2564,0.3512,0.1368,0.0128,0.2048,0.0051,0.0107,0.019
DJ,2024,0.0031,0.2564,0.3512,0.1368,0.0128,0.2048,0.0051,0.0107,0.019
DJ,2025,0.0031,0.2564,0.3512,0.1368,0.0128,0.2048,0.0051,0.0107,0.019
DJ,2026,0.0031,0.2564,0.3512,0.1368,0.0128,0.2048,0.0051,0.0107,0.019
DK,2019,0.1107,0.1377,0.1217,0.0315,0.0408,0.049,0.0014,0.0355,0.4716
DK,2020,0.0921,0.14,0.1051,0.0397,0.045,0.0479,0.0018,0.0455,0.4829
DK,2021,0.1338,0.175,0.1021,0.0235,0.0285,0.0508,0.0011,0.0447,0.4407
DK,2022,0.1136,0.1508,0.0776,0.013,0.0149,0.0456,0.0006,0.0644,0.5195
DK,2023,0.1058,0.1049,0.0767,0.0177,0.0199,0.0358,0.0008,0.0916,0.5467
DK,2024,0.1064,0.0985,0.0711,0.0192,0.0215,0.0339,0.0009,0.1054,0.5432
DK,2025,0.0951,0.0833,0.0861,0.0308,0.0372,0.0369,0.0015,0.1264,0.5028
DK,2026,0.1153,0.0971,0.0939,0.0196,0.0273,0.0373,0.001,0.0173,0.5912
DM,2019,0,0,0,0.1429,0,0.8571,0,0,0
DM,2020,0,0,0,0.1429,0,0.8571,0,0,0
DM,2021,0,0,0,0.1429,0,0.8571,0,0,0
DM,2022,0,0,0,0.1429,0,0.8571,0,0,0
DM,2023,0,0,0,0.1429,0,0.8571,0,0,0
DM,2024,0,0,0,0.1429,0,0.8571,0,0,0
DM,2025,0,0,0,0.1429,0,0.8571,0,0,0
DM,2026,0,0,0,0.1429,0,0.8571,0,0,0
DO,2019,0.0099,0.1673,0.2608,0.0611,0,0.4464,0,0.0174,0.0371
DO,2020,0.0099,0.1673,0.2608,0.0611,0,0.4464,0,0.0174,0.0371
DO,2021,0.0099,0.1673,0.2608,0.0611,0,0.4464,0,0.0174,0.0371
DO,2022,0.0098,0.1717,0.2624,0.0614,0,0.4395,0,0.0179,0.0372
DO,2023,0.0088,0.309,0.392,0.0482,0,0.1468,0,0.0474,0.0478
DO,2024,0.0087,0.2957,0.4102,0.0587,0,0.1276,0,0.0579,0.0412
DO,2025,0.0081,0.2867,0.3909,0.0615,0,0.116,0,0.0924,0.0444
DO,2026,0.0045,0.2851,0.3982,0.0498,0,0.1357,0,0.1041,0.0226
DZ,2019,0,0,0.9847,0.0018,0,0.0047,0,0.0087,0.0001
DZ,2020,0,0,0.9847,0.0018,0,0.0047,0,0.0087,0.0001
DZ,2021,0,0,0.9847,0.0018,0,0.0047,0,0.0087,0.0001
DZ,2022,0,0,0.9847,0.0018,0,0.0047,0,0.0087,0.0001
DZ,2023,0,0,0.9847,0.0018,0,0.0047,0,0.0087,0.0001
DZ,2024,0,0,0.9847,0.0018,0,0.0047,0,0.0087,0.0001
DZ,2025,0,0,0.9847,0.0018,0,0.0047,0,0.0087,0.0001
DZ,2026,0,0,0.9847,0.0018,0,0.0047,0,0.0087,0.0001
EC,2019,0.0142,0,0.0447,0.764,0,0.1743,0,0,0.0028
EC,2020,0.0147,0.0003,0.0416,0.7769,0.0002,0.1625,0.0001,0.0002,0.0034
EC,2021,0.0124,0.0004,0.0411,0.7914,0.0003,0.151,0.0001,0.0004,0.0028
EC,2022,0.0115,0.0004,0.0374,0.7447,0.0002,0.202,0.0001,0.0007,0.003
EC,2023,0.0099,0.0014,0.0368,0.7138,0.0007,0.2263,0.0002,0.0021,0.0088
EC,2024,0.014,0.0014,0.0384,0.6582,0.0008,0.2742,0.0002,0.0028,0.0101
EC,2025,0.0113,0.0005,0.0303,0.7516,0.0003,0.1987,0.0001,0.0012,0.006
EC,2026,0.0215,0.0007,0.0282,0.7624,0.0003,0.1808,0.0001,0.0016,0.0047
EE,2019,0.0784,0.0467,0.0739,0.0489,0.0643,0.5626,0.0035,0.0093,0.1122
EE,2020,0.0843,0.0663,0.1129,0.0824,0.0981,0.3605,0.0038,0.0311,0.1606
EE,2021,0.065,0.0466,0.0785,0.0539,0.0672,0.5134,0.0025,0.049,0.1238
EE,2022,0.095,0.0218,0.0355,0.0199,0.0267,0.6251,0.0011,0.0733,0.1014
EE,2023,0.0749,0.0604,0.0992,0.0705,0.0824,0.3374,0.0034,0.1165,0.1553
EE,2024,0.0673,0.0496,0.0864,0.0658,0.0748,0.3034,0.003,0.1482,0.2015
EE,2025,0.0656,0.0517,0.0968,0.0647,0.0817,0.2601,0.0032,0.1626,0.2136
EE,2026,0.0611,0.0765,0.1553,0.0861,0.1202,0.2028,0.0045,0.0174,0.2763
EG,2019,0,0,0.8345,0.0716,0,0.0682,0,0.0059,0.0198
EG,2020,0,0,0.8486,0.0762,0,0.0264,0,0.0249,0.024
EG,2021,0,0,0.8432,0.0662,0,0.0403,0,0.0241,0.0261
EG,2022,0.0006,0,0.7442,0.0693,0,0.1347,0,0.023,0.0282
EG,2023,0.0001,0,0.799,0.0676,0,0.0845,0,0.0234,0.0253
EG,2024,0.0005,0,0.8056,0.0668,0,0.0744,0,0.0245,0.0282
EG,2025,0.0005,0,0.7822,0.0735,0,0.0723,0,0.0361,0.0354
EG,2026,0.0005,0,0.7798,0.0754,0,0.0721,0,0.0372,0.035
ER,2019,0,0,0,0,0,0.875,0,0.125,0
ER,2020,0,0,0,0,0,0.875,0,0.125,0
ER,2021,0,0,0,0,0,0.875,0,0.125,0
ER,2022,0,0,0,0,0,0.875,0,0.125,0
ER,2023,0,0,0,0,0,0.875,0,0.125,0
ER,2024,0,0,0,0,0,0.875,0,0.125,0
ER,2025,0,0,0,0,0,0.875,0,0.125,0
ER,2026,0,0,0,0,0,0.875,0,0.125,0
ES,2019,0.0123,0.0485,0.311,0.1099,0.2272,0.0206,0.0037,0.0578,0.209
ES,2020,0.0164,0.0245,0.2576,0.1421,0.2335,0.0191,0.0038,0.0827,0.2203
ES,2021,0.017,0.0227,0.2484,0.1333,0.2198,0.0173,0.0036,0.1023,0.2357
ES,2022,0.0154,0.0302,0.2932,0.0836,0.2141,0.014,0.0032,0.1215,0.2248
ES,2023,0.0124,0.0159,0.2193,0.0978,0.2187,0.0109,0.0029,0.1767,0.2454
ES,2024,0.0138,0.012,0.1708,0.1279,0.2102,0.0094,0.0027,0.2166,0.2368
ES,2025,0.0144,0.0051,0.2039,0.1178,0.2028,0.0076,0.0023,0.2291,0.2169
ES,2026,0.0152,0.0024,0.2642,0.1314,0.2287,0.009,0.0024,0.1063,0.2405
ET,2019,0.002,0,0,0.9406,0,0.0007,0,0.0013,0.0555
ET,2020,0.002,0,0,0.9406,0,0.0007,0,0.0013,0.0555
ET,2021,0.002,0,0,0.9406,0,0.0007,0,0.0013,0.0555
ET,2022,0.002,0,0,0.9406,0,0.0007,0,0.0013,0.0555
ET,2023,0.002,0,0,0.9406,0,0.0007,0,0.0013,0.0555
ET,2024,0.002,0,0,0.9406,0,0.0007,0,0.0013,0.0555
ET,2025,0.002,0,0,0.9406,0,0.0007,0,0.0013,0.0555
ET,2026,0.002,0,0,0.9406,0,0.0007,0,0.0013,0.0555
FI,2019,0.1463,0.092,0.1046,0.1816,0.3152,0.0607,0.0044,0.0088,0.0864
FI,2020,0.1273,0.0641,0.0957,0.2287,0.3136,0.0477,0.0041,0.0108,0.1081
FI,2021,0.1416,0.0709,0.0924,0.2133,0.3015,0.055,0.0032,0.0122,0.1099
FI,2022,0.1519,0.0702,0.0512,0.1865,0.3193,0.0567,0.0013,0.0121,0.1509
FI,2023,0.1306,0.0292,0.0163,0.1922,0.4075,0.0381,0.0003,0.0089,0.1767
FI,2024,0.1137,0.0184,0.018,0.1781,0.3747,0.0434,0.0014,0.0171,0.2352
FI,2025,0.1084,0.0128,0.0241,0.1539,0.3776,0.0399,0.0031,0.0211,0.2591
FI,2026,0.1207,0.0063,0.0343,0.1254,0.3741,0.0402,0.0039,0.0012,0.294
FJ,2019,0.0789,0,0,0.4912,0,0.4211,0,0.0088,0
FJ,2020,0.0789,0,0,0.4912,0,0.4211,0,0.0088,0
FJ,2021,0.0789,0,0,0.4912,0,0.4211,0,0.0088,0
FJ,2022,0.0789,0,0,0.4912,0,0.4211,0,0.0088,0
FJ,2023,0.0789,0,0,0.4912,0,0.4211,0,0.0088,0
FJ,2024,0.0789,0,0,0.4912,0,0.4211,0,0.0088,0
FJ,2025,0.0789,0,0,0.4912,0,0.4211,0,0.0088,0
FJ,2026,0.0789,0,0,0.4912,0,0.4211,0,0.0088,0
FK,2019,0,0,0,0,0,1,0,0,0
FK,2020,0,0,0,0,0,1,0,0,0
FK,2021,0,0,0,0,0,1,0,0,0
FK,2022,0,0,0,0,0,1,0,0,0
FK,2023,0,0,0,0,0,1,0,0,0
FK,2024,0,0,0,0,0,1,0,0,0
FK,2025,0,0,0,0,0,1,0,0,0
FK,2026,0,0,0,0,0,1,0,0,0
FO,2019,0,0,0,0.2632,0,0.6053,0,0,0.1316
FO,2020,0,0,0,0.2632,0,0.6053,0,0,0.1316
FO,2021,0,0,0,0.2632,0,0.6053,0,0,0.1316
FO,2022,0,0,0,0.2632,0,0.6053,0,0,0.1316
FO,2023,0,0,0,0.2632,0,0.6053,0,0,0.1316
FO,2024,0,0,0,0.2632,0,0.6053,0,0,0.1316
FO,2025,0,0,0,0.2632,0,0.6053,0,0,0.1316
FO,2026,0,0,0,0.2632,0,0.6053,0,0,0.1316
FR,2019,0.0058,0.0033,0.0736,0.1037,0.7229,0.0065,0,0.0213,0.0629
FR,2020,0.006,0.0035,0.072,0.1207,0.6866,0.0068,0,0.0257,0.0788
FR,2021,0.0062,0.0094,0.0675,0.1106,0.7031,0.0069,0.0001,0.026,0.0702
FR,2022,0.0092,0.014,0.1059,0.1027,0.63,0.0082,0.0003,0.0427,0.0868
FR,2023,0.0068,0.002,0.0603,0.1067,0.6717,0.0053,0,0.0449,0.1023
FR,2024,0.006,0.0012,0.0341,0.1223,0.6964,0.0062,0,0.0443,0.0895
FR,2025,0.0051,0.0026,0.0317,0.0986,0.7053,0.0077,0,0.0567,0.0923
FR,2026,0.0044,0.0062,0.043,0.0983,0.7174,0.0058,0,0.0201,0.1049
GA,2019,0.0035,0.0474,0.3914,0.4141,0.0024,0.1348,0.0009,0.002,0.0035
GA,2020,0.0035,0.0474,0.3914,0.4141,0.0024,0.1348,0.0009,0.002,0.0035
GA,2021,0.0035,0.0474,0.3914,0.4141,0.0024,0.1348,0.0009,0.002,0.0035
GA,2022,0.0035,0.0474,0.3914,0.4141,0.0024,0.1348,0.0009,0.002,0.0035
GA,2023,0.0035,0.0474,0.3914,0.4141,0.0024,0.1348,0.0009,0.002,0.0035
GA,2024,0.0035,0.0474,0.3914,0.4141,0.0024,0.1348,0.0009,0.002,0.0035
GA,2025,0.0035,0.0474,0.3914,0.4141,0.0024,0.1348,0.0009,0.002,0.0035
GA,2026,0.0035,0.0474,0.3914,0.4141,0.0024,0.1348,0.0009,0.002,0.0035
GB,2019,0.0617,0.0329,0.4161,0.0247,0.1996,0.0042,0.0006,0.0427,0.2176
GB,2020,0.0677,0.0259,0.3646,0.028,0.188,0.0068,0.0006,0.0465,0.272
GB,2021,0.0713,0.0316,0.4095,0.0272,0.1762,0.0084,0.0007,0.0443,0.2307
GB,2022,0.0549,0.0197,0.4064,0.0157,0.1663,0.0096,0.0002,0.0458,0.2815
GB,2023,0.0536,0.0234,0.3519,0.0279,0.1641,0.0116,0.0007,0.0524,0.3143
GB,2024,0.0742,0.022,0.301,0.0365,0.1692,0.0151,0.001,0.0625,0.3184
GB,2025,0.0767,0.0135,0.3106,0.0301,0.1478,0.0194,0.0009,0.0787,0.3223
GB,2026,0.075,0.0139,0.2964,0.0357,0.1303,0.0191,0.0008,0.0189,0.4097
GD,2019,0,0,0,0,0,1,0,0,0
GD,2020,0,0,0,0,0,1,0,0,0
GD,2021,0,0,0,0,0,1,0,0,0
GD,2022,0,0,0,0,0,1,0,0,0
GD,2023,0,0,0,0,0,1,0,0,0
GD,2024,0,0,0,0,0,1,0,0,0
GD,2025,0,0,0,0,0,1,0,0,0
GD,2026,0,0,0,0,0,1,0,0,0
GE,2019,0.0019,0.0718,0.2286,0.672,0.0065,0.0013,0.0005,0.0035,0.0138
GE,2020,0.0021,0.0662,0.2405,0.6654,0.0059,0.0011,0.0005,0.0037,0.0147
GE,2021,0.0028,0.0824,0.1828,0.7008,0.0072,0.0014,0.0006,0.0054,0.0166
GE,2022,0.0023,0.06,0.2366,0.6751,0.0056,0.0011,0.0004,0.0046,0.0142
GE,2023,0.0014,0.0338,0.2491,0.6963,0.0032,0.0005,0.0002,0.0031,0.0124
GE,2024,0.0016,0.0406,0.2034,0.7311,0.0039,0.0004,0.0003,0.0051,0.0136
GE,2025,0.002,0.0485,0.1814,0.7397,0.005,0.0005,0.0004,0.0081,0.0145
GE,2026,0.0019,0.0456,0.2768,0.6525,0.0047,0.0004,0.0004,0.0088,0.0089
GF,2019,0.0104,0,0,0.4271,0,0.5104,0,0.0521,0
GF,2020,0.0104,0,0,0.4271,0,0.5104,0,0.0521,0
GF,2021,0.0104,0,0,0.4271,0,0.5104,0,0.0521,0
GF,2022,0.0104,0,0,0.4271,0,0.5104,0,0.0521,0
GF,2023,0.0104,0,0,0.4271,0,0.5104,0,0.0521,0
GF,2024,0.0104,0,0,0.4271,0,0.5104,0,0.0521,0
GF,2025,0.0104,0,0,0.4271,0,0.5104,0,0.0521,0
GF,2026,0.0104,0,0,0.4271,0,0.5104,0,0.0521,0
GH,2019,0.0012,0,0.4156,0.4191,0,0.1613,0,0.0029,0
GH,2020,0.0012,0,0.4156,0.4191,0,0.1613,0,0.0029,0
GH,2021,0.0012,0,0.4156,0.4191,0,0.1613,0,0.0029,0
GH,2022,0.0012,0,0.4156,0.4191,0,0.1613,0,0.0029,0
GH,2023,0.0012,0,0.4156,0.4191,0,0.1613,0,0.0029,0
GH,2024,0.0012,0,0.4156,0.4191,0,0.1613,0,0.0029,0
GH,2025,0.0012,0,0.4156,0.4191,0,0.1613,0,0.0029,0
GH,2026,0.0012,0,0.4156,0.4191,0,0.1613,0,0.0029,0
GI,2019,0,0,0.3182,0,0,0.6818,0,0,0
GI,2020,0,0,0.3182,0,0,0.6818,0,0,0
GI,2021,0,0,0.3182,0,0,0.6818,0,0,0
GI,2022,0,0,0.3182,0,0,0.6818,0,0,0
GI,2023,0,0,0.3182,0,0,0.6818,0,0,0
GI,2024,0,0,0.3182,0,0,0.6818,0,0,0
GI,2025,0,0,0.3182,0,0,0.6818,0,0,0
GI,2026,0,0,0.3182,0,0,0.6818,0,0,0
GL,2019,0,0,0,0.8367,0,0.1633,0,0,0
GL,2020,0,0,0,0.8367,0,0.1633,0,0,0
GL,2021,0,0,0,0.8367,0,0.1633,0,0,0
GL,2022,0,0,0,0.8367,0,0.1633,0,0,0
GL,2023,0,0,0,0.8367,0,0.1633,0,0,0
GL,2024,0,0,0,0.8367,0,0.1633,0,0,0
GL,2025,0,0,0,0.8367,0,0.1633,0,0,0
GL,2026,0,0,0,0.8367,0,0.1633,0,0,0
GM,2019,0,0,0,0,0,1,0,0,0
GM,2020,0,0,0,0,0,1,0,0,0
GM,2021,0,0,0,0,0,1,0,0,0
GM,2022,0,0,0,0,0,1,0,0,0
GM,2023,0,0,0,0,0,1,0,0,0
GM,2024,0,0,0,0,0,1,0,0,0
GM,2025,0,0,0,0,0,1,0,0,0
GM,2026,0,0,0,0,0,1,0,0,0
GN,2019,0,0,0,0.6293,0,0.361,0,0.0098,0
GN,2020,0,0,0,0.6293,0,0.361,0,0.0098,0
GN,2021,0,0,0,0.6293,0,0.361,0,0.0098,0
GN,2022,0,0,0,0.6293,0,0.361,0,0.0098,0
GN,2023,0,0,0,0.6293,0,0.361,0,0.0098,0
GN,2024,0,0,0,0.6293,0,0.361,0,0.0098,0
GN,2025,0,0,0,0.6293,0,0.361,0,0.0098,0
GN,2026,0,0,0,0.6293,0,0.361,0,0.0098,0
GP,2019,0.0349,0.2267,0,0.0233,0,0.5581,0.064,0.0581,0.0349
GP,2020,0.0349,0.2267,0,0.0233,0,0.5581,0.064,0.0581,0.0349
GP,2021,0.0349,0.2267,0,0.0233,0,0.5581,0.064,0.0581,0.0349
GP,2022,0.0349,0.2267,0,0.0233,0,0.5581,0.064,0.0581,0.0349
GP,2023,0.0349,0.2267,0,0.0233,0,0.5581,0.064,0.0581,0.0349
GP,2024,0.0349,0.2267,0,0.0233,0,0.5581,0.064,0.0581,0.0349
GP,2025,0.0349,0.2267,0,0.0233,0,0.5581,0.064,0.0581,0.0349
GP,2026,0.0349,0.2267,0,0.0233,0,0.5581,0.064,0.0581,0.0349
GQ,2019,0,0,0.6714,0.3214,0,0.0071,0,0,0
GQ,2020,0,0,0.6714,0.3214,0,0.0071,0,0,0
GQ,2021,0,0,0.6714,0.3214,0,0.0071,0,0,0
GQ,2022,0,0,0.6714,0.3214,0,0.0071,0,0,0
GQ,2023,0,0,0.6714,0.3214,0,0.0071,0,0,0
GQ,2024,0,0,0.6714,0.3214,0,0.0071,0,0,0
GQ,2025,0,0,0.6714,0.3214,0,0.0071,0,0,0
GQ,2026,0,0,0.6714,0.3214,0,0.0071,0,0,0
GR,2019,0.0055,0.2449,0.3951,0.0918,0.045,0.0042,0.0016,0.0782,0.1337
GR,2020,0.0055,0.1501,0.4453,0.0859,0.0401,0.0039,0.0016,0.0911,0.1766
GR,2021,0.0024,0.1223,0.4655,0.1068,0.0178,0.0017,0.0007,0.0935,0.1893
GR,2022,0.0028,0.1324,0.4241,0.0858,0.0185,0.002,0.0008,0.1233,0.2102
GR,2023,0.0031,0.1158,0.3652,0.0928,0.0222,0.0023,0.0009,0.1783,0.2194
GR,2024,0.0007,0.0675,0.422,0.0576,0.0053,0.0005,0.0002,0.2264,0.2196
GR,2025,0.0003,0.0543,0.4309,0.0506,0.0022,0.0002,0.0001,0.2578,0.2036
GR,2026,0,0.0893,0.5316,0.0632,0,0,0,0.1351,0.1808
GT,2019,0.2181,0.3197,0,0.352,0,0.0417,0.0244,0.0181,0.026
GT,2020,0.2181,0.3197,0,0.352,0,0.0417,0.0244,0.0181,0.026
GT,2021,0.2181,0.3197,0,0.352,0,0.0417,0.0244,0.0181,0.026
GT,2022,0.2181,0.3197,0,0.352,0,0.0417,0.0244,0.0181,0.026
GT,2023,0.2181,0.3197,0,0.352,0,0.0417,0.0244,0.0181,0.026
GT,2024,0.2181,0.3197,0,0.352,0,0.0417,0.0244,0.0181,0.026
GT,2025,0.2181,0.3197,0,0.352,0,0.0417,0.0244,0.0181,0.026
GT,2026,0.2181,0.3197,0,0.352,0,0.0417,0.0244,0.0181,0.026
GU,2019,0,0,0,0,0,0.9543,0,0.0457,0
GU,2020,0,0,0,0,0,0.9543,0,0.0457,0
GU,2021,0,0,0,0,0,0.9543,0,0.0457,0
GU,2022,0,0,0,0,0,0.9543,0,0.0457,0
GU,2023,0,0,0,0,0,0.9543,0,0.0457,0
GU,2024,0,0,0,0,0,0.9543,0,0.0457,0
GU,2025,0,0,0,0,0,0.9543,0,0.0457,0
GU,2026,0,0,0,0,0,0.9543,0,0.0457,0
GW,2019,0,0,0,0,0,1,0,0,0
GW,2020,0,0,0,0,0,1,0,0,0
GW,2021,0,0,0,0,0,1,0,0,0
GW,2022,0,0,0,0,0,1,0,0,0
GW,2023,0,0,0,0,0,1,0,0,0
GW,2024,0,0,0,0,0,1,0,0,0
GW,2025,0,0,0,0,0,1,0,0,0
GW,2026,0,0,0,0,0,1,0,0,0
GY,2019,0.0088,0,0,0,0,0.9737,0,0.0175,0
GY,2020,0.0088,0,0,0,0,0.9737,0,0.0175,0
GY,2021,0.0088,0,0,0,0,0.9737,0,0.0175,0
GY,2022,0.0088,0,0,0,0,0.9737,0,0.0175,0
GY,2023,0.0088,0,0,0,0,0.9737,0,0.0175,0
GY,2024,0.0088,0,0,0,0,0.9737,0,0.0175,0
GY,2025,0.0088,0,0,0,0,0.9737,0,0.0175,0
GY,2026,0.0088,0,0,0,0,0.9737,0,0.0175,0
HK,2019,0.0067,0.5738,0.3454,0.0348,0.0134,0.0065,0.001,0.0081,0.0103
HK,2020,0.0072,0.5713,0.3446,0.0355,0.0134,0.006,0.001,0.0095,0.0114
HK,2021,0.0077,0.5707,0.3431,0.0328,0.0134,0.0061,0.001,0.0109,0.0143
HK,2022,0.0081,0.5676,0.3417,0.0328,0.0134,0.0062,0.001,0.0132,0.0159
HK,2023,0.0083,0.5685,0.3406,0.0293,0.0134,0.0055,0.001,0.0158,0.0176
HK,2024,0.0081,0.5642,0.3399,0.0303,0.0132,0.0051,0.001,0.0198,0.0185
HK,2025,0.0081,0.5566,0.339,0.0308,0.0132,0.0051,0.001,0.0258,0.0206
HK,2026,0.0083,0.5551,0.3391,0.0286,0.0131,0.0048,0.001,0.0251,0.025
HN,2019,0.1282,0.0056,0.0055,0.2236,0.0005,0.4382,0.0265,0.0986,0.0732
HN,2020,0.1283,0.0054,0.0056,0.2238,0.0005,0.4376,0.0265,0.0988,0.0734
HN,2021,0.1282,0.0053,0.0062,0.223,0.0005,0.4375,0.0265,0.0989,0.0736
HN,2022,0.1282,0.0052,0.0052,0.2238,0.0004,0.4376,0.0265,0.0992,0.0737
HN,2023,0.1282,0.0053,0.0053,0.2234,0.0005,0.4374,0.0264,0.0995,0.0739
HN,2024,0.1283,0.0052,0.0054,0.2229,0.0005,0.4373,0.0264,0.0998,0.074
HN,2025,0.1282,0.0053,0.0054,0.2227,0.0005,0.4371,0.0264,0.1001,0.0742
HN,2026,0.1282,0.0054,0.0054,0.2222,0.0005,0.4371,0.0264,0.1004,0.0742
HR,2019,0.034,0.1432,0.2137,0.3588,0.0801,0.0103,0.0289,0.0173,0.1136
HR,2020,0.0377,0.1104,0.2529,0.3435,0.0646,0.0087,0.0314,0.0181,0.1328
HR,2021,0.0403,0.1125,0.2097,0.3911,0.0547,0.0074,0.0288,0.0175,0.1379
HR,2022,0.0448,0.1275,0.254,0.2971,0.057,0.0074,0.0249,0.0273,0.1601
HR,2023,0.0378,0.0878,0.224,0.4061,0.0293,0.0089,0.0156,0.0327,0.1577
HR,2024,0.0399,0.0736,0.2145,0.3473,0.054,0.0098,0.0168,0.0707,0.1735
HR,2025,0.0405,0.0737,0.1982,0.2933,0.0632,0.009,0.0169,0.1019,0.2034
HR,2026,0.0424,0.1181,0.2545,0.2894,0.0591,0.0115,0.0194,0.0258,0.1799
HT,2019,0,0,0,0.1604,0,0.8396,0,0,0
HT,2020,0,0,0,0.1604,0,0.8396,0,0,0
HT,2021,0,0,0,0.1604,0,0.8396,0,0,0
HT,2022,0,0,0,0.1604,0,0.8396,0,0,0
HT,2023,0,0,0,0.1604,0,0.8396,0,0,0
HT,2024,0,0,0,0.1604,0,0.8396,0,0,0
HT,2025,0,0,0,0.1604,0,0.8396,0,0,0
HT,2026,0,0,0,0.1604,0,0.8396,0,0,0
HU,2019,0.0301,0.1401,0.2462,0.0534,0.415,0.0258,0.005,0.0417,0.0427
HU,2020,0.0311,0.1259,0.251,0.0537,0.4032,0.0216,0.005,0.065,0.0434
HU,2021,0.0325,0.1086,0.2573,0.051,0.3864,0.0224,0.0048,0.0948,0.042
HU,2022,0.0333,0.109,0.2424,0.0449,0.3817,0.0218,0.0049,0.1178,0.0442
HU,2023,0.024,0.0979,0.2078,0.0476,0.3887,0.0193,0.0032,0.1647,0.0469
HU,2024,0.0264,0.0873,0.1911,0.0456,0.3709,0.0178,0.0044,0.2117,0.0449
HU,2025,0.0368,0.0578,0.2032,0.0344,0.3605,0.0156,0.004,0.2514,0.0363
HU,2026,0.0411,0.072,0.323,0.0518,0.3453,0.018,0.0048,0.0903,0.0537
ID,2019,0.0411,0.5906,0.2104,0.072,0.0003,0.0357,0.0476,0.0006,0.0018
ID,2020,0.0411,0.5905,0.2104,0.072,0.0003,0.0357,0.0476,0.0006,0.0018
ID,2021,0.0411,0.5905,0.2103,0.0719,0.0003,0.0357,0.0476,0.0006,0.0019
ID,2022,0.0411,0.5904,0.2103,0.0719,0.0003,0.0357,0.0476,0.0007,0.0019
ID,2023,0.0411,0.5904,0.2103,0.0719,0.0003,0.0356,0.0476,0.0007,0.002
ID,2024,0.0411,0.5904,0.2103,0.0719,0.0003,0.0356,0.0476,0.0008,0.002
ID,2025,0.0411,0.5902,0.2102,0.0719,0.0003,0.0356,0.0476,0.001,0.0021
ID,2026,0.0411,0.5901,0.2102,0.0718,0.0003,0.0356,0.0476,0.001,0.0022
IE,2019,0.0089,0.0362,0.4791,0.0455,0.0256,0.0867,0.0009,0.0034,0.3138
IE,2020,0.0076,0.0381,0.4697,0.0466,0.0233,0.0607,0.0009,0.004,0.3492
IE,2021,0.0066,0.0992,0.4477,0.0398,0.0219,0.0757,0.0008,0.0043,0.3039
IE,2022,0.006,0.0868,0.4646,0.0325,0.0163,0.0583,0.0007,0.0043,0.3307
IE,2023,0.0069,0.0537,0.4505,0.0485,0.0245,0.0359,0.001,0.0196,0.3594
IE,2024,0.0079,0.0481,0.4402,0.0501,0.0317,0.0387,0.0013,0.0333,0.3487
IE,2025,0.0087,0.0368,0.4315,0.0498,0.0392,0.039,0.0016,0.0491,0.3443
IE,2026,0.0084,0.0251,0.4492,0.056,0.0395,0.0347,0.0015,0.015,0.3707
IL,2019,0.0015,0.3042,0.6402,0,0,0.0151,0,0.0363,0.0026
IL,2020,0.0015,0.3042,0.6402,0,0,0.0151,0,0.0363,0.0026
IL,2021,0.0015,0.3042,0.6402,0,0,0.0151,0,0.0363,0.0026
IL,2022,0.0015,0.3042,0.6402,0,0,0.0151,0,0.0363,0.0026
IL,2023,0.0015,0.3042,0.6402,0,0,0.0151,0,0.0363,0.0026
IL,2024,0.0015,0.3042,0.6402,0,0,0.0151,0,0.0363,0.0026
IL,2025,0.0015,0.3042,0.6402,0,0,0.0151,0,0.0363,0.0026
IL,2026,0.0015,0.3042,0.6402,0,0,0.0151,0,0.0363,0.0026
IN,2019,0.0107,0.7243,0.0349,0.1175,0.0328,0.0001,0.0003,0.0335,0.046
IN,2020,0.0108,0.7054,0.039,0.1218,0.0333,0.0001,0.0009,0.0437,0.045
IN,2021,0.0104,0.7291,0.027,0.1092,0.0299,0.0001,0.0015,0.0464,0.0464
IN,2022,0.0103,0.7299,0.0159,0.1096,0.029,0.0001,0.0016,0.0597,0.044
IN,2023,0.0087,0.7419,0.0173,0.0874,0.0283,0.0002,0.0016,0.0665,0.0482
IN,2024,0.0074,0.7357,0.0188,0.0865,0.0303,0.0002,0.0016,0.0741,0.0452
IN,2025,0.0075,0.701,0.0142,0.0988,0.0295,0.0002,0.0016,0.0899,0.0572
IN,2026,0.0134,0.7275,0.0129,0.0813,0.0292,0.0002,0.0018,0.0998,0.0339
IQ,2019,0,0.0009,0.5835,0.0425,0.0003,0.3719,0,0.0009,0.0001
IQ,2020,0,0.0009,0.5835,0.0425,0.0003,0.3719,0,0.0009,0.0001
IQ,2021,0,0.0009,0.5835,0.0425,0.0003,0.3719,0,0.0009,0.0001
IQ,2022,0,0.0009,0.5835,0.0425,0.0003,0.3719,0,0.0009,0.0001
IQ,2023,0,0.0009,0.5835,0.0425,0.0003,0.3719,0,0.0009,0.0001
