period,Bioenergy,Coal,Gas,Hydro,Nuclear,Other Fossil,Other Renewables,Solar,Wind
2019-01,0.0146,0.2808,0.3499,0.1465,0.0588,0.0973,0.0072,0.0134,0.0315
2019-02,0.014,0.2794,0.3515,0.1486,0.0549,0.0996,0.0073,0.0151,0.0295
2019-03,0.0141,0.2731,0.347,0.1511,0.0567,0.0973,0.0073,0.0187,0.0347
2019-04,0.0136,0.2659,0.3497,0.1568,0.0542,0.0995,0.0075,0.0207,0.032
2019-05,0.0134,0.2639,0.3483,0.1631,0.0534,0.0977,0.0074,0.0215,0.0313
2019-06,0.0131,0.2672,0.3525,0.1611,0.0526,0.0973,0.0072,0.0217,0.0273
2019-07,0.0132,0.2758,0.352,0.1589,0.0533,0.0939,0.007,0.0205,0.0255
2019-08,0.0133,0.2765,0.3528,0.1567,0.0535,0.0942,0.007,0.0206,0.0253
2019-09,0.0132,0.269,0.3578,0.1551,0.0528,0.0973,0.0072,0.0196,0.028
2019-10,0.0135,0.2657,0.3583,0.1546,0.0537,0.0978,0.0071,0.0182,0.0311
2019-11,0.014,0.2759,0.3504,0.1505,0.0552,0.098,0.007,0.0157,0.0333
2019-12,0.0145,0.2857,0.3446,0.1443,0.0575,0.0959,0.0069,0.0146,0.0359
2020-01,0.0147,0.2676,0.3548,0.1472,0.0585,0.0993,0.0072,0.0158,0.0348
2020-02,0.0145,0.2657,0.3524,0.1504,0.0542,0.0999,0.0072,0.0176,0.038
2020-03,0.0147,0.2587,0.3487,0.1551,0.056,0.0983,0.0073,0.0219,0.0392
2020-04,0.0148,0.2576,0.3494,0.1557,0.0538,0.1009,0.0076,0.0257,0.0345
2020-05,0.0146,0.2617,0.344,0.1597,0.0531,0.0987,0.0074,0.0263,0.0345
2020-06,0.0138,0.2645,0.3477,0.1636,0.0509,0.0969,0.0071,0.0244,0.0312
2020-07,0.0136,0.269,0.3499,0.1652,0.0506,0.0934,0.0068,0.0235,0.0278
2020-08,0.0138,0.2773,0.3474,0.1606,0.0498,0.093,0.0068,0.0231,0.0283
2020-09,0.0138,0.2655,0.3504,0.1644,0.0504,0.097,0.007,0.0226,0.0289
2020-10,0.0139,0.26,0.348,0.1645,0.0522,0.0969,0.0071,0.0207,0.0365
2020-11,0.0147,0.2772,0.3444,0.1498,0.0537,0.0974,0.0071,0.0183,0.0372
2020-12,0.0153,0.2927,0.3371,0.1427,0.0562,0.0944,0.0069,0.0165,0.0383
2021-01,0.0154,0.2797,0.3428,0.1442,0.0567,0.0962,0.007,0.0183,0.0397
2021-02,0.0152,0.2825,0.3405,0.1464,0.0521,0.097,0.007,0.0202,0.0391
2021-03,0.0154,0.2791,0.3368,0.1451,0.0549,0.0943,0.007,0.0248,0.0425
2021-04,0.015,0.2718,0.3425,0.1483,0.0519,0.0963,0.0072,0.0269,0.04
2021-05,0.0149,0.2656,0.3378,0.1554,0.0525,0.0956,0.0071,0.0291,0.0419
2021-06,0.0144,0.2735,0.3434,0.1551,0.0517,0.0944,0.0069,0.0284,0.0322
2021-07,0.0145,0.2813,0.3399,0.1553,0.0522,0.0914,0.0066,0.027,0.0316
2021-08,0.0145,0.2812,0.3409,0.1543,0.052,0.092,0.0067,0.0268,0.0316
2021-09,0.0145,0.2698,0.3437,0.1583,0.053,0.0956,0.007,0.0257,0.0324
2021-10,0.0146,0.2636,0.3452,0.1536,0.0535,0.0966,0.0071,0.0244,0.0415
2021-11,0.0151,0.2705,0.344,0.1467,0.0551,0.097,0.0071,0.0215,0.0431
2021-12,0.0159,0.2828,0.3348,0.1413,0.0584,0.094,0.0068,0.0201,0.046
2022-01,0.0154,0.2797,0.3374,0.1418,0.0575,0.0961,0.0069,0.0219,0.0433
2022-02,0.0154,0.2797,0.3358,0.1424,0.0526,0.0971,0.007,0.0241,0.046
2022-03,0.0153,0.2722,0.3338,0.1476,0.0527,0.0947,0.007,0.0294,0.0473
2022-04,0.0148,0.2595,0.3353,0.1538,0.0494,0.0981,0.0072,0.0335,0.0483
2022-05,0.0144,0.2552,0.3356,0.1618,0.0494,0.0965,0.0071,0.0352,0.0447
2022-06,0.0142,0.2632,0.3389,0.1633,0.0475,0.0939,0.0069,0.034,0.0381
2022-07,0.0145,0.2784,0.3375,0.1555,0.0485,0.0906,0.0066,0.0329,0.0354
2022-08,0.0149,0.2871,0.3372,0.15,0.0489,0.0906,0.0066,0.0318,0.0328
2022-09,0.0147,0.272,0.3437,0.1493,0.049,0.0959,0.007,0.0316,0.0368
2022-10,0.0146,0.263,0.3423,0.1507,0.05,0.0967,0.0071,0.0299,0.0457
2022-11,0.0153,0.2726,0.3393,0.1451,0.0518,0.0961,0.0071,0.025,0.0478
2022-12,0.0157,0.2856,0.3322,0.1409,0.0539,0.0941,0.0069,0.0225,0.0482
2023-01,0.0155,0.2737,0.3337,0.1423,0.055,0.0953,0.007,0.0263,0.0513
2023-02,0.0152,0.2737,0.3372,0.1417,0.0509,0.0965,0.007,0.0289,0.0488
2023-03,0.0153,0.2728,0.3324,0.1425,0.0514,0.0928,0.0069,0.0344,0.0515
2023-04,0.0148,0.2626,0.3356,0.1448,0.0494,0.0958,0.0072,0.038,0.0517
2023-05,0.0145,0.2631,0.3361,0.1495,0.0489,0.0943,0.0071,0.0403,0.0463
2023-06,0.0142,0.2729,0.3385,0.1469,0.0491,0.0926,0.0068,0.0408,0.0381
2023-07,0.0143,0.2813,0.3344,0.1462,0.0495,0.0883,0.0065,0.0386,0.0409
2023-08,0.0143,0.2793,0.3344,0.1535,0.0495,0.0882,0.0065,0.0389,0.0355
2023-09,0.0143,0.2683,0.3382,0.1543,0.0498,0.0927,0.0068,0.0378,0.0378
2023-10,0.0144,0.2656,0.335,0.1523,0.0504,0.0936,0.007,0.0358,0.046
2023-11,0.0151,0.272,0.3321,0.1444,0.0508,0.093,0.0069,0.0312,0.0544
2023-12,0.0157,0.2869,0.3247,0.1398,0.0531,0.0908,0.0067,0.028,0.0542
2024-01,0.0153,0.2807,0.3311,0.1398,0.0529,0.0914,0.0067,0.0304,0.0517
2024-02,0.0153,0.2776,0.3291,0.1412,0.0506,0.0928,0.0069,0.0331,0.0534
2024-03,0.0152,0.2705,0.3277,0.1431,0.0495,0.0924,0.0069,0.0392,0.0556
2024-04,0.0152,0.2705,0.3277,0.1431,0.0495,0.0924,0.0069,0.0392,0.0556
