period,Other Fossil,Other Renewables,Bioenergy,Coal,Gas,Hydro,Nuclear,Solar,Wind
2019-01,0.1014,0.0071,0.0148,0.2769,0.3445,0.1523,0.0581,0.0137,0.0312
2019-02,0.1039,0.0072,0.0142,0.2751,0.346,0.1547,0.0541,0.0154,0.0294
2019-03,0.1015,0.0072,0.0143,0.2691,0.3416,0.1571,0.0557,0.019,0.0345
2019-04,0.1038,0.0073,0.0138,0.2621,0.3442,0.1627,0.0533,0.0209,0.0318
2019-05,0.102,0.0072,0.0136,0.2602,0.343,0.1685,0.0526,0.0218,0.0311
2019-06,0.1015,0.0071,0.0134,0.2636,0.3473,0.1663,0.0517,0.022,0.0272
2019-07,0.098,0.0069,0.0134,0.2723,0.347,0.1639,0.0524,0.0208,0.0254
2019-08,0.0983,0.0069,0.0136,0.2729,0.3478,0.1617,0.0527,0.0208,0.0253
2019-09,0.1015,0.0071,0.0134,0.2654,0.3525,0.1605,0.0519,0.0199,0.0279
2019-10,0.1021,0.007,0.0137,0.262,0.353,0.1601,0.0527,0.0185,0.0309
2019-11,0.1022,0.0069,0.0142,0.2721,0.3449,0.1562,0.0544,0.0159,0.0331
2019-12,0.1,0.0068,0.0147,0.2818,0.3392,0.1503,0.0566,0.0149,0.0357
2020-01,0.1036,0.0071,0.0149,0.2628,0.3503,0.153,0.0578,0.0161,0.0345
2020-02,0.1043,0.0072,0.0147,0.2608,0.3479,0.1562,0.0533,0.0179,0.0377
2020-03,0.1027,0.0073,0.0149,0.2541,0.3444,0.1605,0.0551,0.0222,0.0389
2020-04,0.1054,0.0075,0.015,0.2529,0.3447,0.1615,0.0529,0.0259,0.0343
2020-05,0.1031,0.0073,0.0148,0.2572,0.3395,0.165,0.0523,0.0265,0.0344
2020-06,0.1012,0.007,0.0139,0.2602,0.3433,0.1686,0.0502,0.0246,0.031
2020-07,0.0975,0.0067,0.0137,0.2649,0.346,0.1699,0.0499,0.0238,0.0276
2020-08,0.097,0.0067,0.014,0.2731,0.3434,0.1652,0.0492,0.0233,0.0282
2020-09,0.1012,0.0069,0.014,0.2612,0.3462,0.1692,0.0498,0.0228,0.0288
2020-10,0.1013,0.007,0.0142,0.2556,0.344,0.1693,0.0514,0.021,0.0363
2020-11,0.1017,0.007,0.0149,0.2725,0.34,0.1553,0.0529,0.0186,0.0369
2020-12,0.0985,0.0068,0.0155,0.2881,0.3329,0.1481,0.0555,0.0168,0.038
2021-01,0.1004,0.0069,0.0152,0.2753,0.3384,0.1498,0.0561,0.0185,0.0394
2021-02,0.1014,0.0069,0.0151,0.2781,0.336,0.1521,0.0514,0.0205,0.0387
2021-03,0.0986,0.0069,0.0152,0.2748,0.3325,0.1507,0.0541,0.025,0.0422
2021-04,0.1007,0.0071,0.0148,0.2674,0.3381,0.1541,0.0511,0.027,0.0396
2021-05,0.0999,0.007,0.0148,0.2615,0.3337,0.1606,0.0516,0.0293,0.0415
2021-06,0.0986,0.0068,0.0143,0.2695,0.3394,0.16,0.0508,0.0286,0.0319
2021-07,0.0954,0.0066,0.0144,0.2775,0.3362,0.1599,0.0514,0.0273,0.0314
2021-08,0.096,0.0066,0.0144,0.2772,0.337,0.159,0.0512,0.0271,0.0315
2021-09,0.0998,0.0069,0.0145,0.2656,0.3397,0.1633,0.0521,0.0259,0.0322
2021-10,0.1008,0.007,0.0145,0.2595,0.341,0.159,0.0525,0.0245,0.0411
2021-11,0.1013,0.007,0.015,0.2662,0.3395,0.1523,0.0545,0.0216,0.0427
2021-12,0.0981,0.0067,0.0157,0.2786,0.3303,0.1468,0.058,0.0202,0.0456
2022-01,0.1002,0.0068,0.0153,0.2756,0.333,0.1473,0.057,0.022,0.0429
2022-02,0.1014,0.0069,0.0152,0.2753,0.3314,0.1481,0.0519,0.0242,0.0456
2022-03,0.0989,0.0069,0.0152,0.2679,0.3296,0.1531,0.0522,0.0294,0.0468
2022-04,0.1024,0.0072,0.0147,0.2553,0.3309,0.1593,0.0488,0.0335,0.0478
2022-05,0.1007,0.0071,0.0144,0.2514,0.3316,0.1668,0.0486,0.0353,0.0442
2022-06,0.098,0.0068,0.0141,0.2595,0.3349,0.168,0.0469,0.034,0.0377
2022-07,0.0945,0.0065,0.0144,0.2746,0.3337,0.1602,0.0482,0.0329,0.035
2022-08,0.0945,0.0065,0.0147,0.2832,0.3332,0.1548,0.0486,0.0319,0.0325
2022-09,0.1,0.0069,0.0146,0.2677,0.3396,0.1546,0.0486,0.0316,0.0364
2022-10,0.101,0.0071,0.0145,0.259,0.3381,0.1561,0.0492,0.0299,0.0452
2022-11,0.1004,0.007,0.0151,0.2683,0.335,0.1508,0.0513,0.025,0.0471
2022-12,0.0982,0.0068,0.0154,0.2815,0.3281,0.1462,0.0536,0.0226,0.0477
2023-01,0.0994,0.0069,0.0157,0.2688,0.3302,0.1477,0.0543,0.0262,0.0508
2023-02,0.1008,0.007,0.0154,0.2687,0.3336,0.1471,0.0502,0.029,0.0483
2023-03,0.0967,0.0069,0.0155,0.2681,0.3287,0.1477,0.0506,0.0347,0.0511
2023-04,0.0999,0.0071,0.015,0.2581,0.3321,0.15,0.0486,0.0382,0.0509
2023-05,0.0984,0.007,0.0147,0.2587,0.3325,0.1545,0.0479,0.0407,0.0456
2023-06,0.0965,0.0067,0.0145,0.2687,0.3348,0.1519,0.0482,0.0411,0.0376
2023-07,0.092,0.0064,0.0146,0.2773,0.3309,0.1509,0.0486,0.0389,0.0403
2023-08,0.092,0.0064,0.0146,0.2752,0.331,0.1576,0.0485,0.0393,0.0353
2023-09,0.0967,0.0067,0.0146,0.2639,0.3348,0.1589,0.0489,0.0382,0.0374
2023-10,0.0976,0.0069,0.0146,0.2608,0.3316,0.1574,0.0495,0.036,0.0455
2023-11,0.0974,0.0069,0.0154,0.268,0.3287,0.1488,0.0502,0.0312,0.0534
2023-12,0.0942,0.0067,0.0157,0.2821,0.3219,0.1446,0.0525,0.0285,0.0538
2024-01,0.0934,0.0066,0.0155,0.2836,0.3229,0.1445,0.0528,0.0287,0.052
